word	postive count	negative count	totalscore	accuracy
	99	81	18	0.55
yellow	0	1	-1	1.0
four	4	1	3	0.8
woods	1	2	-1	0.666666666667
hanging	0	1	-1	1.0
woody	3	1	2	0.75
aggression	0	1	-1	1.0
conjure	0	2	-2	1.0
someplace	1	0	1	1.0
mutinies	0	1	-1	1.0
meadows	1	0	1	1.0
shaving	0	1	-1	1.0
courtmartial	1	0	1	1.0
forties	0	1	-1	1.0
leisurely	1	0	1	1.0
screaming	0	1	-1	1.0
disturb	1	0	1	1.0
sommerset	0	1	-1	1.0
kitcar	1	0	1	1.0
differentiates	0	1	-1	1.0
stereotypical	1	1	0	0.5
commented	1	0	1	1.0
charter	0	1	-1	1.0
milles	1	0	1	1.0
bacon	1	0	1	1.0
tires	0	1	-1	1.0
second	7	8	-1	0.533333333333
francesca	0	1	-1	1.0
theory	3	0	3	1.0
sesame	1	0	1	1.0
bufford	0	5	-5	1.0
dialogs	1	0	1	1.0
bittorrent	1	0	1	1.0
ruthless	2	2	0	0.5
cooking	1	0	1	1.0
fingers	2	0	2	1.0
succumb	1	0	1	1.0
hero	2	5	-3	0.714285714286
dahl	1	0	1	1.0
reporter	1	1	0	0.5
error	1	0	1	1.0
here	16	0	16	1.0
hers	3	0	3	1.0
kids	4	4	0	0.5
k	0	1	-1	1.0
transfixed	1	0	1	1.0
natures	1	0	1	1.0
military	1	1	0	0.5
criticism	1	0	1	1.0
golden	2	0	2	1.0
explained	1	0	1	1.0
brought	4	0	4	1.0
cheating	0	1	-1	1.0
spoke	1	2	-1	0.666666666667
poetype	0	1	-1	1.0
antieye	0	1	-1	1.0
music	2	2	0	0.5
therefore	1	5	-4	0.833333333333
strike	0	2	-2	1.0
until	8	3	5	0.727272727273
brings	5	1	4	0.833333333333
hurt	1	2	-1	0.666666666667
meteorologist	0	1	-1	1.0
glass	1	0	1	1.0
91	0	1	-1	1.0
90	0	3	-3	1.0
hold	3	1	2	0.75
circumstances	1	0	1	1.0
morally	0	1	-1	1.0
pursue	0	1	-1	1.0
blade	1	0	1	1.0
example	3	3	0	0.5
organized	0	1	-1	1.0
charlton	2	0	2	1.0
caution	0	1	-1	1.0
want	18	7	11	0.72
absolute	3	0	3	1.0
hoe	0	2	-2	1.0
turn	2	2	0	0.5
travel	0	2	-2	1.0
feature	0	2	-2	1.0
machine	1	0	1	1.0
how	37	21	16	0.637931034483
hot	7	3	4	0.7
machina	0	1	-1	1.0
place	3	4	-1	0.571428571429
typed	1	0	1	1.0
wrong	3	5	-2	0.625
types	2	0	2	1.0
fictional	1	0	1	1.0
tulip	3	0	3	1.0
18th	0	1	-1	1.0
keeps	4	1	3	0.8
wing	1	0	1	1.0
wind	1	0	1	1.0
dolemite	1	0	1	1.0
welcomed	0	1	-1	1.0
dreamed	0	1	-1	1.0
confederate	1	2	-1	0.666666666667
welcomes	1	0	1	1.0
lovingly	0	1	-1	1.0
fit	0	4	-4	1.0
bringing	2	0	2	1.0
fix	1	0	1	1.0
survivors	1	0	1	1.0
sadomania	0	1	-1	1.0
hidden	1	1	0	0.5
glorify	1	0	1	1.0
pontificating	0	1	-1	1.0
effects	1	4	-3	0.8
schools	1	0	1	1.0
sixteen	0	1	-1	1.0
represents	1	0	1	1.0
simialr	1	0	1	1.0
debut	0	2	-2	1.0
barton	1	0	1	1.0
volcano	1	0	1	1.0
loyalties	0	1	-1	1.0
burial	1	0	1	1.0
preceded	1	0	1	1.0
financial	3	0	3	1.0
archetypes	1	0	1	1.0
series	12	3	9	0.8
allan	0	1	-1	1.0
saturdayafternoon	1	0	1	1.0
ring	0	1	-1	1.0
whoosh	0	1	-1	1.0
mason	0	1	-1	1.0
re	1	0	1	1.0
adapt	0	1	-1	1.0
outburst	1	0	1	1.0
gertrude	2	0	2	1.0
knit	1	0	1	1.0
enormous	1	0	1	1.0
ate	1	0	1	1.0
atm	0	1	-1	1.0
fleischer	1	0	1	1.0
disturbed	2	0	2	1.0
coeds	1	0	1	1.0
tempting	0	1	-1	1.0
flitting	0	1	-1	1.0
holbrook	1	0	1	1.0
playfully	1	0	1	1.0
wash	1	0	1	1.0
popularist	0	1	-1	1.0
cubbyhouse	0	1	-1	1.0
bitten	1	0	1	1.0
carson	1	0	1	1.0
service	1	3	-2	0.75
returns	0	1	-1	1.0
needed	1	1	0	0.5
master	3	2	1	0.6
hewitt	1	0	1	1.0
geneva	0	1	-1	1.0
showed	1	1	0	0.5
rusty	0	1	-1	1.0
nations	0	1	-1	1.0
project	1	1	0	0.5
idle	0	1	-1	1.0
sheen	1	0	1	1.0
feeling	3	7	-4	0.7
boston	1	0	1	1.0
corny	1	0	1	1.0
alive	1	0	1	1.0
dozen	0	1	-1	1.0
divas	0	1	-1	1.0
responsible	1	2	-1	0.666666666667
causing	0	1	-1	1.0
amusing	0	2	-2	1.0
shall	1	0	1	1.0
object	1	1	0	0.5
cinematic	1	0	1	1.0
victoria	1	0	1	1.0
mouth	2	1	1	0.666666666667
letter	2	0	2	1.0
drought	1	0	1	1.0
thriller	1	2	-1	0.666666666667
morality	0	1	-1	1.0
singer	1	1	0	0.5
episode	5	8	-3	0.615384615385
released	3	2	1	0.6
camp	7	3	4	0.7
tech	1	0	1	1.0
mating	1	0	1	1.0
came	4	3	1	0.571428571429
saying	6	2	4	0.75
twee	0	1	-1	1.0
lessons	1	1	0	0.5
orleans	3	0	3	1.0
busy	1	4	-3	0.8
quaint	1	1	0	0.5
than	32	18	14	0.64
theme	1	0	1	1.0
touched	1	0	1	1.0
rich	0	1	-1	1.0
mend	0	1	-1	1.0
plata	1	0	1	1.0
godzilla	1	0	1	1.0
pocket	0	1	-1	1.0
altogether	0	1	-1	1.0
societies	1	0	1	1.0
sandwich	1	0	1	1.0
hercules	0	1	-1	1.0
release	7	0	7	1.0
blew	1	1	0	0.5
mandatory	0	1	-1	1.0
fair	2	0	2	1.0
deemed	1	0	1	1.0
result	1	1	0	0.5
fail	1	1	0	0.5
hammer	2	0	2	1.0
ambitions	1	0	1	1.0
lots	2	3	-1	0.6
ringu	2	0	2	1.0
pressures	1	0	1	1.0
score	1	0	1	1.0
paxinou	1	0	1	1.0
discipline	0	1	-1	1.0
never	19	15	4	0.558823529412
nature	8	1	7	0.888888888889
rolled	1	0	1	1.0
carbon	1	0	1	1.0
accident	1	3	-2	0.75
country	6	7	-1	0.538461538462
comedydrama	0	2	-2	1.0
edgar	0	1	-1	1.0
planned	0	1	-1	1.0
logic	0	1	-1	1.0
adapted	0	1	-1	1.0
asked	4	0	4	1.0
irresponsible	1	0	1	1.0
humming	1	0	1	1.0
100	0	1	-1	1.0
naivete	1	0	1	1.0
frf	2	0	2	1.0
union	2	1	1	0.666666666667
much	13	12	1	0.52
life	30	10	20	0.75
electrocution	0	1	-1	1.0
eastern	1	1	0	0.5
filmmaker	1	0	1	1.0
southerners	1	0	1	1.0
child	5	8	-3	0.615384615385
1991s	1	0	1	1.0
chill	0	1	-1	1.0
gritty	1	0	1	1.0
employ	1	0	1	1.0
calcium	0	2	-2	1.0
slam	1	0	1	1.0
played	5	5	0	0.5
elicit	0	1	-1	1.0
hong	2	0	2	1.0
credit	1	1	0	0.5
things	7	7	0	0.5
rebellion	1	0	1	1.0
harmony	1	0	1	1.0
european	2	1	1	0.666666666667
fairly	1	1	0	0.5
preachy	1	0	1	1.0
ownership	1	0	1	1.0
lucas	1	0	1	1.0
echoes	1	0	1	1.0
opinions	0	1	-1	1.0
boyhood	0	1	-1	1.0
sleeps	1	0	1	1.0
sleepy	1	0	1	1.0
disguise	1	0	1	1.0
portrayed	0	3	-3	1.0
succeeding	1	0	1	1.0
previous	5	1	4	0.833333333333
enters	0	1	-1	1.0
hal	1	0	1	1.0
coatesville	1	0	1	1.0
ease	2	0	2	1.0
had	33	34	-1	0.507462686567
emphasis	0	1	-1	1.0
innocent	1	0	1	1.0
prison	0	3	-3	1.0
has	68	33	35	0.673267326733
hat	3	2	1	0.6
casually	0	1	-1	1.0
survival	1	0	1	1.0
possible	2	4	-2	0.666666666667
awhile	0	1	-1	1.0
possibly	1	2	-1	0.666666666667
birth	2	0	2	1.0
shadow	1	0	1	1.0
unique	1	0	1	1.0
vigilante	1	0	1	1.0
occurring	0	1	-1	1.0
desire	1	0	1	1.0
psychological	1	1	0	0.5
alice	0	4	-4	1.0
remind	1	0	1	1.0
steps	2	0	2	1.0
prologue	0	1	-1	1.0
right	10	2	8	0.833333333333
old	13	15	-2	0.535714285714
ole	1	0	1	1.0
crowd	1	2	-1	0.666666666667
people	50	17	33	0.746268656716
crown	1	0	1	1.0
captive	1	0	1	1.0
sure	13	4	9	0.764705882353
warring	0	1	-1	1.0
harassment	1	0	1	1.0
creep	0	1	-1	1.0
for	129	98	31	0.568281938326
bottom	1	1	0	0.5
oliviers	1	0	1	1.0
contributing	1	0	1	1.0
theological	1	0	1	1.0
shakey	1	0	1	1.0
starring	2	1	1	0.666666666667
losing	1	0	1	1.0
zentropa	2	0	2	1.0
o	0	2	-2	1.0
despair	2	0	2	1.0
geroge	1	0	1	1.0
palestinians	0	1	-1	1.0
slightly	1	1	0	0.5
raised	0	3	-3	1.0
facility	1	0	1	1.0
honeymoon	0	1	-1	1.0
sol	1	0	1	1.0
soo	2	0	2	1.0
son	3	5	-2	0.625
beings	1	0	1	1.0
shoots	1	1	0	0.5
authorizes	1	0	1	1.0
abstractions	1	0	1	1.0
nonthreatening	1	0	1	1.0
constantly	2	0	2	1.0
tame	0	1	-1	1.0
avail	1	0	1	1.0
joseph	2	2	0	0.5
resulted	1	0	1	1.0
halls	1	0	1	1.0
happy	2	2	0	0.5
understorey	1	0	1	1.0
offer	0	1	-1	1.0
storyteling	0	1	-1	1.0
remarking	1	0	1	1.0
talents	3	3	0	0.5
understandable	1	0	1	1.0
otter	0	1	-1	1.0
silliness	0	1	-1	1.0
inside	3	0	3	1.0
torturing	1	1	0	0.5
150	0	1	-1	1.0
shooter	2	0	2	1.0
proved	1	0	1	1.0
proves	1	0	1	1.0
exist	2	0	2	1.0
aircrew	1	0	1	1.0
floor	0	1	-1	1.0
cambodia	0	1	-1	1.0
role	8	7	1	0.533333333333
ambitious	1	0	1	1.0
benefiting	1	0	1	1.0
muslims	0	1	-1	1.0
rolling	1	1	0	0.5
downloaders	1	0	1	1.0
shootout	0	1	-1	1.0
ethnocentrism	0	1	-1	1.0
chain	1	0	1	1.0
whoever	1	2	-1	0.666666666667
reviewers	1	0	1	1.0
theaters	2	0	2	1.0
armstrongs	0	1	-1	1.0
jarring	1	0	1	1.0
skiing	0	1	-1	1.0
chair	0	1	-1	1.0
92	1	0	1	1.0
veterans	1	0	1	1.0
jerk	3	0	3	1.0
rapturous	1	0	1	1.0
bustle	1	0	1	1.0
stays	1	1	0	0.5
exact	0	1	-1	1.0
minute	1	0	1	1.0
solves	1	0	1	1.0
tear	1	0	1	1.0
skewed	1	0	1	1.0
leave	9	2	7	0.818181818182
belushi	0	1	-1	1.0
team	1	2	-1	0.666666666667
loads	0	1	-1	1.0
insignificant	1	0	1	1.0
sigh	1	0	1	1.0
sign	0	2	-2	1.0
erotic	0	1	-1	1.0
donlon	2	0	2	1.0
realizing	1	0	1	1.0
reminiscent	2	0	2	1.0
freaks	1	0	1	1.0
falling	1	1	0	0.5
ground	2	0	2	1.0
unintentionally	1	0	1	1.0
cribbing	0	1	-1	1.0
grandparents	1	0	1	1.0
funeral	0	1	-1	1.0
lange	0	1	-1	1.0
understanding	1	1	0	0.5
gladys	0	4	-4	1.0
egypt	0	1	-1	1.0
yards	0	1	-1	1.0
address	0	1	-1	1.0
alone	3	2	1	0.6
along	6	1	5	0.857142857143
dwindling	1	0	1	1.0
crumbles	1	0	1	1.0
redemption	1	0	1	1.0
castaways	2	0	2	1.0
griffiths	2	0	2	1.0
actualization	1	0	1	1.0
marvelous	1	0	1	1.0
fake	1	1	0	0.5
luzhin	1	0	1	1.0
undergone	0	1	-1	1.0
working	5	4	1	0.555555555556
positive	1	0	1	1.0
angry	2	1	1	0.666666666667
opposed	1	0	1	1.0
wondering	2	0	2	1.0
films	22	10	12	0.6875
introducing	0	1	-1	1.0
afford	0	1	-1	1.0
apparent	1	0	1	1.0
validity	0	1	-1	1.0
visual	1	0	1	1.0
virtue	3	0	3	1.0
anything	5	9	-4	0.642857142857
originally	0	1	-1	1.0
privy	1	0	1	1.0
harmonious	0	1	-1	1.0
following	6	2	4	0.75
admired	0	1	-1	1.0
locks	1	1	0	0.5
admires	1	0	1	1.0
allowed	4	0	4	1.0
evidently	1	0	1	1.0
listens	1	0	1	1.0
winter	2	0	2	1.0
divided	0	1	-1	1.0
immune	1	0	1	1.0
elephant	3	0	3	1.0
spot	2	2	0	0.5
convincingly	1	0	1	1.0
date	1	1	0	0.5
such	10	5	5	0.666666666667
suck	0	1	-1	1.0
data	1	1	0	0.5
stress	0	1	-1	1.0
natural	5	1	4	0.833333333333
conscious	0	1	-1	1.0
ss	0	1	-1	1.0
sp	1	0	1	1.0
st	0	1	-1	1.0
ediths	1	0	1	1.0
so	55	30	25	0.647058823529
2530	0	1	-1	1.0
pulled	0	1	-1	1.0
drunken	0	1	-1	1.0
16year	1	0	1	1.0
years	21	12	9	0.636363636364
professors	1	0	1	1.0
course	9	4	5	0.692307692308
episodes	3	2	1	0.6
milked	1	0	1	1.0
jim	2	0	2	1.0
troubles	1	0	1	1.0
stroll	0	1	-1	1.0
decades	0	2	-2	1.0
civilian	0	1	-1	1.0
insomnia	1	0	1	1.0
nation	1	0	1	1.0
amulet	0	1	-1	1.0
drilling	1	0	1	1.0
arriving	1	0	1	1.0
ketchup	0	1	-1	1.0
breakumentary	1	0	1	1.0
didn	1	0	1	1.0
establishing	1	0	1	1.0
lucci	0	1	-1	1.0
quarter	1	0	1	1.0
quartet	0	1	-1	1.0
lowkey	1	0	1	1.0
entering	1	0	1	1.0
sexually	0	1	-1	1.0
denouement	1	0	1	1.0
grrrrrrrrrr	0	1	-1	1.0
astray	1	0	1	1.0
seriously	1	2	-1	0.666666666667
investigation	1	1	0	0.5
internet	1	0	1	1.0
suggesting	0	1	-1	1.0
formula	3	1	2	0.75
million	2	0	2	1.0
quite	6	6	0	0.5
bumps	1	0	1	1.0
crazier	1	0	1	1.0
besides	3	2	1	0.6
quits	0	1	-1	1.0
unnamed	1	0	1	1.0
training	2	5	-3	0.714285714286
silhouetted	0	1	-1	1.0
disguised	1	0	1	1.0
massive	0	1	-1	1.0
neglect	1	0	1	1.0
emotion	1	1	0	0.5
henry	0	4	-4	1.0
saving	0	2	-2	1.0
spoken	1	1	0	0.5
one	87	81	6	0.517857142857
spanish	1	1	0	0.5
vote	1	0	1	1.0
open	3	0	3	1.0
city	9	5	4	0.642857142857
indicate	0	1	-1	1.0
teacher	0	1	-1	1.0
2	6	11	-5	0.647058823529
realization	1	0	1	1.0
bits	0	1	-1	1.0
lingering	0	1	-1	1.0
slasher	0	1	-1	1.0
tuneful	0	1	-1	1.0
devito	1	0	1	1.0
hitchhikersjuliette	1	0	1	1.0
herds	1	0	1	1.0
boyfriend	0	2	-2	1.0
third	0	3	-3	1.0
folly	1	0	1	1.0
coats	0	1	-1	1.0
future	4	1	3	0.8
glossy	1	0	1	1.0
counselor	1	0	1	1.0
dutifully	1	0	1	1.0
san	4	0	4	1.0
turned	2	3	-1	0.6
locations	1	0	1	1.0
sad	3	0	3	1.0
say	13	19	-6	0.59375
allen	3	1	2	0.75
saw	18	7	11	0.72
sat	0	1	-1	1.0
zoe	0	2	-2	1.0
alias	0	1	-1	1.0
warriors	1	0	1	1.0
zoo	0	1	-1	1.0
note	4	0	4	1.0
take	8	11	-3	0.578947368421
supply	1	1	0	0.5
wanting	2	1	1	0.666666666667
concern	1	0	1	1.0
butterfly	1	0	1	1.0
altered	1	0	1	1.0
opposite	1	0	1	1.0
knew	2	1	1	0.666666666667
suspects	0	1	-1	1.0
buffet	1	0	1	1.0
invoked	1	0	1	1.0
printed	1	0	1	1.0
pages	1	0	1	1.0
serie	1	0	1	1.0
montage	1	0	1	1.0
phil	1	1	0	0.5
drive	5	2	3	0.714285714286
ways	2	1	1	0.666666666667
fastward	1	0	1	1.0
salt	0	1	-1	1.0
burialburning	0	1	-1	1.0
laws	1	0	1	1.0
madison	0	1	-1	1.0
merit	0	1	-1	1.0
bright	1	0	1	1.0
commissary	1	0	1	1.0
aggressive	0	1	-1	1.0
selfdelusion	1	0	1	1.0
slow	5	3	2	0.625
tears	4	1	3	0.8
going	14	10	4	0.583333333333
directed	4	5	-1	0.555555555556
mcdoakes	2	0	2	1.0
outlet	1	0	1	1.0
hooper	0	1	-1	1.0
prime	1	1	0	0.5
bestselling	0	1	-1	1.0
priest	2	3	-1	0.6
roger	0	1	-1	1.0
bombs	2	0	2	1.0
uncover	0	1	-1	1.0
where	22	17	5	0.564102564103
vision	0	1	-1	1.0
talman	0	1	-1	1.0
dives	1	0	1	1.0
diver	3	0	3	1.0
jumped	1	0	1	1.0
sites	1	0	1	1.0
affecting	1	0	1	1.0
teens	0	3	-3	1.0
jobs	0	1	-1	1.0
uk	2	1	1	0.666666666667
screen	5	1	4	0.833333333333
pointbr	0	1	-1	1.0
framebyframe	1	0	1	1.0
charlottes	1	0	1	1.0
mans	3	3	0	0.5
many	19	16	3	0.542857142857
s	1	0	1	1.0
sacked	0	1	-1	1.0
concentrates	0	1	-1	1.0
expression	1	0	1	1.0
gridiron	0	1	-1	1.0
mann	1	0	1	1.0
boal	0	1	-1	1.0
twin	0	1	-1	1.0
anti	1	0	1	1.0
3000	0	1	-1	1.0
boat	1	1	0	0.5
caring	1	0	1	1.0
combines	1	0	1	1.0
collides	0	1	-1	1.0
west	1	3	-2	0.75
hutton	0	1	-1	1.0
movewhich	0	1	-1	1.0
crawford	0	2	-2	1.0
wants	6	2	4	0.75
thousand	1	0	1	1.0
grayscale	1	0	1	1.0
photos	0	1	-1	1.0
observe	0	1	-1	1.0
former	3	2	1	0.6
consultant	1	0	1	1.0
endures	1	0	1	1.0
squeezes	0	1	-1	1.0
newspaper	1	0	1	1.0
situation	5	5	0	0.5
endured	0	1	-1	1.0
ive	13	5	8	0.722222222222
twists	1	1	0	0.5
bros	1	0	1	1.0
pinky	1	0	1	1.0
fame	2	1	1	0.666666666667
compatriots	1	0	1	1.0
threatens	1	0	1	1.0
mobster	1	0	1	1.0
underestimate	1	0	1	1.0
visually	1	1	0	0.5
cheers	1	0	1	1.0
harris	1	2	-1	0.666666666667
amuck	1	0	1	1.0
advertisement	0	1	-1	1.0
psychiatrists	0	1	-1	1.0
slicing	1	0	1	1.0
undefined	0	1	-1	1.0
vacant	0	1	-1	1.0
pacing	0	1	-1	1.0
trains	1	0	1	1.0
comer	1	0	1	1.0
summer	5	0	5	1.0
sprayed	0	1	-1	1.0
being	14	16	-2	0.533333333333
slime	0	1	-1	1.0
rest	3	1	2	0.75
summed	1	0	1	1.0
weekly	1	0	1	1.0
alarmist	0	2	-2	1.0
hereabouts	0	1	-1	1.0
color	1	0	1	1.0
greenaway	0	1	-1	1.0
ghostly	0	1	-1	1.0
skies	1	0	1	1.0
aspects	2	0	2	1.0
around	13	7	6	0.65
dark	7	2	5	0.777777777778
awol	1	0	1	1.0
world	26	6	20	0.8125
vague	1	0	1	1.0
bravery	1	1	0	0.5
clam	1	0	1	1.0
62	0	1	-1	1.0
offenders	2	0	2	1.0
completest	0	1	-1	1.0
lucio	1	0	1	1.0
diving	3	0	3	1.0
racial	0	2	-2	1.0
thinks	1	2	-1	0.666666666667
dimensions	0	1	-1	1.0
substance	0	2	-2	1.0
riveting	1	0	1	1.0
memories	1	2	-1	0.666666666667
nicole	0	2	-2	1.0
refer	1	0	1	1.0
scientific	1	0	1	1.0
power	4	3	1	0.571428571429
pg13	0	1	-1	1.0
standpoint	1	0	1	1.0
stone	0	1	-1	1.0
industry	2	0	2	1.0
act	5	2	3	0.714285714286
johnston	1	0	1	1.0
luck	1	1	0	0.5
matteroffact	1	0	1	1.0
widowed	1	0	1	1.0
burning	1	1	0	0.5
image	2	2	0	0.5
freaked	0	1	-1	1.0
odonell	1	0	1	1.0
lively	0	1	-1	1.0
portrayal	1	1	0	0.5
rossi	1	0	1	1.0
technically	1	0	1	1.0
mongers	0	1	-1	1.0
her	69	53	16	0.565573770492
hes	3	4	-1	0.571428571429
hey	3	1	2	0.75
myths	1	0	1	1.0
sealed	0	2	-2	1.0
complete	1	2	-1	0.666666666667
fascists	1	0	1	1.0
with	107	82	25	0.566137566138
dardino	1	0	1	1.0
buying	0	2	-2	1.0
handsome	0	2	-2	1.0
rush	1	0	1	1.0
october	1	0	1	1.0
rage	1	0	1	1.0
russ	1	0	1	1.0
politically	0	1	-1	1.0
pulp	0	1	-1	1.0
detailed	0	1	-1	1.0
gone	6	2	4	0.75
ad	0	1	-1	1.0
johnny	3	0	3	1.0
af	1	0	1	1.0
exhausted	1	0	1	1.0
certain	2	0	2	1.0
accents	1	3	-2	0.75
am	7	6	1	0.538461538462
wartime	1	0	1	1.0
an	74	53	21	0.582677165354
happenstance	0	1	-1	1.0
as	139	81	58	0.631818181818
fresnay	1	0	1	1.0
at	74	49	25	0.60162601626
walks	1	1	0	0.5
watched	7	5	2	0.583333333333
cream	1	0	1	1.0
vocational	0	1	-1	1.0
whiners	1	0	1	1.0
2001	1	0	1	1.0
fagrasso	1	0	1	1.0
someones	0	1	-1	1.0
friggin	2	0	2	1.0
bizarrely	0	1	-1	1.0
congress	1	0	1	1.0
mcgovernisms	0	1	-1	1.0
brotherhood	2	0	2	1.0
tricks	0	1	-1	1.0
having	5	5	0	0.5
fraudulent	0	1	-1	1.0
mass	4	0	4	1.0
makepease	0	1	-1	1.0
dyer	0	1	-1	1.0
legislatures	1	0	1	1.0
consider	2	1	1	0.666666666667
caused	1	0	1	1.0
beware	2	0	2	1.0
illicit	0	1	-1	1.0
reasoning	1	0	1	1.0
causes	0	1	-1	1.0
gianetto	1	0	1	1.0
careful	1	0	1	1.0
hunting	0	1	-1	1.0
tv	12	10	2	0.545454545455
to	496	315	181	0.611590628853
chewing	0	1	-1	1.0
nore	2	0	2	1.0
smile	2	1	1	0.666666666667
conciousness	1	0	1	1.0
paying	1	1	0	0.5
puzzled	2	1	1	0.666666666667
hughes	0	2	-2	1.0
documentaries	0	3	-3	1.0
diary	1	1	0	0.5
tigerland	1	0	1	1.0
pbs	1	1	0	0.5
accompanying	1	0	1	1.0
herrings	0	1	-1	1.0
laying	1	0	1	1.0
joined	3	0	3	1.0
large	3	1	2	0.75
sang	3	0	3	1.0
harry	0	1	-1	1.0
small	12	10	2	0.545454545455
maggie	2	0	2	1.0
abbreviated	0	1	-1	1.0
pretenses	1	0	1	1.0
past	6	1	5	0.857142857143
displays	1	0	1	1.0
pass	2	1	1	0.666666666667
richard	2	0	2	1.0
codirected	1	0	1	1.0
scientists	0	1	-1	1.0
corker	1	0	1	1.0
conundrums	1	0	1	1.0
revealing	1	0	1	1.0
full	5	3	2	0.625
escaping	1	0	1	1.0
christophe	1	0	1	1.0
empower	0	1	-1	1.0
portrays	3	0	3	1.0
hours	3	0	3	1.0
concluding	1	0	1	1.0
november	1	0	1	1.0
riviera	1	0	1	1.0
tamblyn	1	0	1	1.0
brutal	2	1	1	0.666666666667
prior	1	1	0	0.5
pick	2	0	2	1.0
action	3	2	1	0.6
skepticism	1	0	1	1.0
ganjagrowing	0	1	-1	1.0
followed	1	0	1	1.0
morbius	1	0	1	1.0
thought	7	3	4	0.7
pulls	1	0	1	1.0
akshay	1	0	1	1.0
sitter	0	3	-3	1.0
unrecognizable	0	1	-1	1.0
6	2	0	2	1.0
streetwiseyetvulnerable	0	1	-1	1.0
more	44	32	12	0.578947368421
teen	0	2	-2	1.0
door	4	1	3	0.8
company	3	3	0	0.5
spoils	1	0	1	1.0
objections	1	0	1	1.0
keeping	2	0	2	1.0
science	3	1	2	0.75
evolved	1	0	1	1.0
learn	5	2	3	0.714285714286
male	1	5	-4	0.833333333333
memoirs	1	0	1	1.0
accept	2	1	1	0.666666666667
mcqueen	1	0	1	1.0
states	1	3	-2	0.75
sense	4	3	1	0.571428571429
rustler	0	1	-1	1.0
plimptonalan	0	1	-1	1.0
huge	1	1	0	0.5
hugs	0	1	-1	1.0
creature	0	2	-2	1.0
aplenty	0	1	-1	1.0
plans	0	1	-1	1.0
countryside	1	0	1	1.0
wiley	2	0	2	1.0
treatments	1	0	1	1.0
soundtrack	0	1	-1	1.0
plane	0	3	-3	1.0
howards	2	0	2	1.0
malevolent	0	1	-1	1.0
adventures	1	0	1	1.0
refuse	2	0	2	1.0
overcooked	0	1	-1	1.0
pans	2	0	2	1.0
mexican	1	0	1	1.0
installed	0	1	-1	1.0
pre1950s	0	1	-1	1.0
grade	0	2	-2	1.0
blaxploitation	1	0	1	1.0
disfigured	0	1	-1	1.0
skipped	0	1	-1	1.0
sucker	0	1	-1	1.0
iridescent	1	0	1	1.0
subtitles	2	0	2	1.0
sucked	1	2	-1	0.666666666667
always	6	4	2	0.6
truths	1	0	1	1.0
found	13	4	9	0.764705882353
shocking	1	0	1	1.0
downside	1	0	1	1.0
reactions	1	0	1	1.0
brunette	0	1	-1	1.0
england	1	1	0	0.5
really	31	19	12	0.62
missed	1	0	1	1.0
blacks	1	1	0	0.5
research	1	2	-1	0.666666666667
plotting	0	1	-1	1.0
salute	1	0	1	1.0
1920s	1	0	1	1.0
imagine	3	1	2	0.75
director	10	7	3	0.588235294118
owners	1	0	1	1.0
betrothed	0	1	-1	1.0
w	0	1	-1	1.0
bumper	1	0	1	1.0
testament	2	0	2	1.0
major	3	1	2	0.75
contender	1	0	1	1.0
number	1	1	0	0.5
spiritually	0	1	-1	1.0
guess	5	1	4	0.833333333333
heads	0	1	-1	1.0
banjokazooie	1	0	1	1.0
huze	1	0	1	1.0
justly	2	0	2	1.0
seventies	2	0	2	1.0
warmly	0	1	-1	1.0
relationship	5	2	3	0.714285714286
interviewed	0	1	-1	1.0
focusing	0	1	-1	1.0
rampant	0	1	-1	1.0
grace	0	4	-4	1.0
condolences	0	1	-1	1.0
getaway	1	0	1	1.0
vocal	0	1	-1	1.0
determined	2	0	2	1.0
marriage	2	0	2	1.0
listen	1	2	-1	0.666666666667
remembers	1	1	0	0.5
ranch	2	0	2	1.0
attackers	0	2	-2	1.0
fights	1	0	1	1.0
beforehand	0	1	-1	1.0
guarding	2	0	2	1.0
sell	2	0	2	1.0
linetime	1	0	1	1.0
silvers	0	2	-2	1.0
odd	0	3	-3	1.0
self	5	2	3	0.714285714286
also	35	17	18	0.673076923077
internal	1	0	1	1.0
play	2	3	-1	0.6
firsthand	1	0	1	1.0
blackboard	0	1	-1	1.0
virus	1	3	-2	0.75
plan	1	0	1	1.0
sometimes	5	0	5	1.0
cover	2	3	-1	0.6
stoning	1	0	1	1.0
undertakers	0	2	-2	1.0
stillrewarding	1	0	1	1.0
barrel	0	1	-1	1.0
attacking	0	1	-1	1.0
ugh	0	1	-1	1.0
gold	1	1	0	0.5
occupation	2	1	1	0.666666666667
impact	2	0	2	1.0
soandso	2	0	2	1.0
writer	1	3	-2	0.75
captures	1	0	1	1.0
ordained	1	0	1	1.0
spoiler	0	2	-2	1.0
actions	2	2	0	0.5
frightening	0	1	-1	1.0
shouts	1	0	1	1.0
bhumika	1	0	1	1.0
pleasures	1	0	1	1.0
cry	2	0	2	1.0
river	1	0	1	1.0
mattei	1	0	1	1.0
insane	0	2	-2	1.0
manges	1	0	1	1.0
set	9	3	6	0.75
activists	1	0	1	1.0
sex	3	5	-2	0.625
see	50	32	18	0.609756097561
sea	2	1	1	0.666666666667
bozz	1	0	1	1.0
shower	2	0	2	1.0
spirits	0	1	-1	1.0
guinea	4	0	4	1.0
fertilization	1	0	1	1.0
demons	2	1	1	0.666666666667
hassell	0	1	-1	1.0
thrive	1	0	1	1.0
knowing	1	1	0	0.5
europa	3	0	3	1.0
dramatization	0	1	-1	1.0
incident	0	1	-1	1.0
cryptic	1	0	1	1.0
last	6	5	1	0.545454545455
010br	1	0	1	1.0
barely	0	4	-4	1.0
connection	2	0	2	1.0
whole	6	3	3	0.666666666667
messiah	1	0	1	1.0
load	0	1	-1	1.0
acted	3	1	2	0.75
leon	2	1	1	0.666666666667
coincidence	1	0	1	1.0
adaptation	0	1	-1	1.0
church	2	1	1	0.666666666667
improvement	1	0	1	1.0
unemotional	1	0	1	1.0
blaisdell	0	2	-2	1.0
satire	1	0	1	1.0
hitting	1	0	1	1.0
blob	1	0	1	1.0
fire	2	3	-1	0.6
rwandese	0	1	-1	1.0
fritz	1	0	1	1.0
sleeves	0	1	-1	1.0
funk	0	1	-1	1.0
handling	1	0	1	1.0
straight	4	0	4	1.0
expanded	0	1	-1	1.0
budget	1	1	0	0.5
admire	0	1	-1	1.0
technical	1	1	0	0.5
leaning	0	1	-1	1.0
swim	1	0	1	1.0
hoping	0	1	-1	1.0
von	1	0	1	1.0
owen	0	2	-2	1.0
funny	12	10	2	0.545454545455
shorter	1	0	1	1.0
virtually	1	0	1	1.0
renounces	0	1	-1	1.0
snail	0	1	-1	1.0
alert	0	1	-1	1.0
viewing	4	1	3	0.8
walmart	0	2	-2	1.0
infamous	2	0	2	1.0
euro	0	1	-1	1.0
chawala	1	0	1	1.0
picks	0	1	-1	1.0
person	9	5	4	0.642857142857
sims	0	1	-1	1.0
rudolph	1	0	1	1.0
cabins	1	0	1	1.0
politely	1	0	1	1.0
zabriski	1	0	1	1.0
using	1	1	0	0.5
blizzard	1	0	1	1.0
eager	1	0	1	1.0
sputnik	1	0	1	1.0
parents	8	3	5	0.727272727273
location	2	1	1	0.666666666667
crying	1	0	1	1.0
input	2	0	2	1.0
bushwhackers	1	0	1	1.0
surprised	3	0	3	1.0
putnam	0	1	-1	1.0
clutches	0	1	-1	1.0
format	0	1	-1	1.0
couple	3	5	-2	0.625
wives	0	1	-1	1.0
suffering	3	0	3	1.0
pertinent	1	0	1	1.0
d	1	5	-4	0.833333333333
lampidorra	1	0	1	1.0
individuals	1	0	1	1.0
stylish	1	0	1	1.0
disorder	0	1	-1	1.0
spring	5	0	5	1.0
pals	2	0	2	1.0
limb	1	0	1	1.0
passiveaggressive	0	1	-1	1.0
palm	1	0	1	1.0
sight	1	0	1	1.0
curious	2	0	2	1.0
aryaman	1	0	1	1.0
battalion	0	1	-1	1.0
pale	1	0	1	1.0
irresistible	1	0	1	1.0
novelty	0	1	-1	1.0
religion	0	1	-1	1.0
be	98	61	37	0.616352201258
bo	1	2	-1	0.666666666667
agreement	1	0	1	1.0
feelings	1	0	1	1.0
nowhere	2	1	1	0.666666666667
br	153	126	27	0.548387096774
relating	1	0	1	1.0
by	91	72	19	0.558282208589
deserved	1	0	1	1.0
exaggerated	1	0	1	1.0
deserves	3	1	2	0.75
into	29	15	14	0.659090909091
hammered	0	1	-1	1.0
osama	0	1	-1	1.0
primarily	0	1	-1	1.0
unnerving	1	0	1	1.0
arcade	1	0	1	1.0
clichéd	0	1	-1	1.0
spending	0	1	-1	1.0
submit	1	0	1	1.0
suit	0	1	-1	1.0
opens	0	1	-1	1.0
atlantis	2	0	2	1.0
elsewhere	1	0	1	1.0
poster	3	0	3	1.0
atlantic	1	0	1	1.0
line	4	5	-1	0.555555555556
posted	1	0	1	1.0
cia	0	1	-1	1.0
magnificant	1	0	1	1.0
up	38	25	13	0.603174603175
us	12	7	5	0.631578947368
slander	1	0	1	1.0
un	0	3	-3	1.0
ui	1	0	1	1.0
mature	3	0	3	1.0
charmer	1	0	1	1.0
yelled	1	0	1	1.0
armstrong	0	1	-1	1.0
defined	1	0	1	1.0
influence	2	0	2	1.0
neurosurgery	0	1	-1	1.0
lancre	0	1	-1	1.0
grieco	2	0	2	1.0
flocker	1	0	1	1.0
hail	1	0	1	1.0
thugs	0	1	-1	1.0
upcoming	1	0	1	1.0
definitely	5	0	5	1.0
actors	8	9	-1	0.529411764706
implements	0	1	-1	1.0
raped	0	1	-1	1.0
elements	4	2	2	0.666666666667
ryans	0	1	-1	1.0
sided	0	1	-1	1.0
robots	1	0	1	1.0
aussies	0	1	-1	1.0
amitabh	4	0	4	1.0
ago	5	3	2	0.625
lane	0	1	-1	1.0
land	1	1	0	0.5
wafer	1	1	0	0.5
age	7	3	4	0.7
holes	0	1	-1	1.0
walked	1	0	1	1.0
harks	1	0	1	1.0
inaccuracy	0	1	-1	1.0
hello	3	2	1	0.6
code	1	3	-2	0.75
partial	2	0	2	1.0
serviceman	0	1	-1	1.0
incorporate	1	0	1	1.0
scratch	0	1	-1	1.0
laziness	1	0	1	1.0
results	2	0	2	1.0
illustrated	0	1	-1	1.0
resonate	0	1	-1	1.0
seemed	3	5	-2	0.625
archdiocese	2	0	2	1.0
turkish	3	0	3	1.0
young	26	17	9	0.604651162791
pussers	0	1	-1	1.0
reshot	1	0	1	1.0
sent	4	1	3	0.8
manipulates	1	0	1	1.0
torture	1	3	-2	0.75
continues	1	0	1	1.0
languishes	0	1	-1	1.0
continued	1	0	1	1.0
magic	5	1	4	0.833333333333
eva	0	1	-1	1.0
marry	1	4	-3	0.8
gettin	0	1	-1	1.0
eve	1	0	1	1.0
try	2	3	-1	0.6
race	1	4	-3	0.8
rack	0	3	-3	1.0
cannibals	1	0	1	1.0
ods	0	1	-1	1.0
mysterydrama	1	0	1	1.0
incognito	0	1	-1	1.0
video	7	2	5	0.777777777778
fword	0	1	-1	1.0
incidentally	1	0	1	1.0
pajamas	0	1	-1	1.0
victor	1	1	0	0.5
consistently	1	0	1	1.0
turnaround	1	0	1	1.0
delving	1	0	1	1.0
scenery	0	2	-2	1.0
lee	0	1	-1	1.0
leg	2	0	2	1.0
respectively	0	2	-2	1.0
gilles	0	1	-1	1.0
leo	2	0	2	1.0
let	6	5	1	0.545454545455
slaughter	1	0	1	1.0
deduced	1	0	1	1.0
engage	1	0	1	1.0
holmess	0	1	-1	1.0
receive	0	1	-1	1.0
involved	5	1	4	0.833333333333
opinion	4	2	2	0.666666666667
residents	1	0	1	1.0
makes	8	11	-3	0.578947368421
maker	1	0	1	1.0
involves	1	0	1	1.0
thats	12	16	-4	0.571428571429
holmes	1	1	0	0.5
complying	0	1	-1	1.0
toole	1	0	1	1.0
sgt	0	1	-1	1.0
extricate	1	0	1	1.0
outcomes	0	1	-1	1.0
tools	0	1	-1	1.0
zit	0	1	-1	1.0
cheered	0	1	-1	1.0
clichés	0	1	-1	1.0
illegal	2	2	0	0.5
bush	1	2	-1	0.666666666667
next	7	1	6	0.875
figurative	0	1	-1	1.0
eleven	1	0	1	1.0
doubt	3	0	3	1.0
infamy	0	1	-1	1.0
greenthumb	0	1	-1	1.0
occurred	0	1	-1	1.0
bodily	1	0	1	1.0
opposing	1	0	1	1.0
sharply	1	0	1	1.0
baby	0	3	-3	1.0
charity	1	0	1	1.0
depiction	1	0	1	1.0
animals	3	5	-2	0.625
broderick	0	2	-2	1.0
this	261	190	71	0.578713968958
challenge	2	0	2	1.0
process	2	0	2	1.0
lock	1	0	1	1.0
loch	0	1	-1	1.0
purposes	1	0	1	1.0
pieces	1	0	1	1.0
high	1	3	-2	0.75
comedymusical	0	1	-1	1.0
mullets	0	1	-1	1.0
peanutbutter	1	0	1	1.0
animal	3	3	0	0.5
comedy	8	7	1	0.533333333333
intelligent	2	1	1	0.666666666667
stand	3	0	3	1.0
blocks	0	1	-1	1.0
aspiring	1	0	1	1.0
weighed	1	0	1	1.0
depardieu	1	0	1	1.0
realized	2	0	2	1.0
robot	1	0	1	1.0
realizes	0	2	-2	1.0
nancy	2	0	2	1.0
counted	0	1	-1	1.0
producer	0	1	-1	1.0
move	5	2	3	0.714285714286
vicar	1	0	1	1.0
doubtful	1	0	1	1.0
produced	1	0	1	1.0
directs	0	1	-1	1.0
meantime	0	1	-1	1.0
stopin	0	1	-1	1.0
archival	0	1	-1	1.0
forest	1	1	0	0.5
spoofed	0	1	-1	1.0
cage	1	0	1	1.0
realize	2	0	2	1.0
presidential	0	1	-1	1.0
delightful	1	0	1	1.0
[the	1	0	1	1.0
betty	2	2	0	0.5
truth	3	3	0	0.5
beneath	0	1	-1	1.0
doing	4	4	0	0.5
jagger	0	1	-1	1.0
openminded	1	0	1	1.0
books	0	3	-3	1.0
differ	1	0	1	1.0
shannon	0	1	-1	1.0
fundamentally	0	1	-1	1.0
subhumans	0	1	-1	1.0
perversions	0	1	-1	1.0
superbly	1	0	1	1.0
unprepared	1	0	1	1.0
shut	1	1	0	0.5
greedy	1	0	1	1.0
surely	4	2	2	0.666666666667
minstrel	0	1	-1	1.0
scary	3	6	-3	0.666666666667
dubbed	1	0	1	1.0
could	27	20	7	0.574468085106
put	11	9	2	0.55
david	1	1	0	0.5
length	0	1	-1	1.0
hussein	1	0	1	1.0
scare	1	0	1	1.0
blown	2	0	2	1.0
451	0	1	-1	1.0
yells	1	0	1	1.0
scene	22	12	10	0.647058823529
alleged	0	1	-1	1.0
owner	0	1	-1	1.0
blows	0	1	-1	1.0
lolita	0	1	-1	1.0
los	1	0	1	1.0
festival	1	2	-1	0.666666666667
system	2	3	-1	0.6
sergeant	0	3	-3	1.0
stomach	0	2	-2	1.0
lot	5	8	-3	0.615384615385
shorts	1	1	0	0.5
depressing	1	0	1	1.0
burlesque	1	0	1	1.0
anyones	1	0	1	1.0
chong	1	0	1	1.0
steel	0	1	-1	1.0
bubblehead	0	1	-1	1.0
bother	1	2	-1	0.666666666667
gentile	0	1	-1	1.0
tortured	0	1	-1	1.0
roberts	0	3	-3	1.0
corsauts	1	0	1	1.0
steep	1	0	1	1.0
steer	0	1	-1	1.0
perverts	0	1	-1	1.0
false	4	3	1	0.571428571429
viewer	9	4	5	0.692307692308
reassuring	1	0	1	1.0
onehit	0	1	-1	1.0
blockbuster	2	1	1	0.666666666667
clearly	2	3	-1	0.6
viewed	1	0	1	1.0
studying	2	0	2	1.0
googlingup	1	0	1	1.0
korean	2	0	2	1.0
subject	6	2	4	0.75
lily	0	1	-1	1.0
embroiled	0	1	-1	1.0
allow	4	0	4	1.0
manoy	1	0	1	1.0
device	0	2	-2	1.0
everreliable	0	1	-1	1.0
fourbr	0	1	-1	1.0
enlist	0	1	-1	1.0
wounded	0	2	-2	1.0
bret	1	0	1	1.0
fact	9	7	2	0.5625
noire	1	0	1	1.0
atmosphere	3	0	3	1.0
bring	7	2	5	0.777777777778
lloyd	1	0	1	1.0
ripoff	0	1	-1	1.0
asylum	1	0	1	1.0
principal	1	0	1	1.0
taps	1	0	1	1.0
jay	0	2	-2	1.0
should	9	12	-3	0.571428571429
jan	1	0	1	1.0
tape	1	1	0	0.5
hope	7	3	4	0.7
meant	2	1	1	0.666666666667
insight	1	0	1	1.0
handle	0	1	-1	1.0
listened	1	0	1	1.0
means	2	1	1	0.666666666667
familiar	1	2	-1	0.666666666667
antagonist	1	0	1	1.0
denmark	1	0	1	1.0
vying	0	1	-1	1.0
stuff	6	5	1	0.545454545455
exude	1	0	1	1.0
edition	1	0	1	1.0
packed	0	1	-1	1.0
lyon	0	1	-1	1.0
destiny	1	0	1	1.0
nuclear	1	1	0	0.5
destino	1	0	1	1.0
youll	1	6	-5	0.857142857143
ends	2	4	-2	0.666666666667
comebacks	0	1	-1	1.0
courtyard	0	1	-1	1.0
witless	1	0	1	1.0
lawsuit	0	1	-1	1.0
drug	2	0	2	1.0
etc	2	1	1	0.666666666667
mazursky	0	1	-1	1.0
invites	0	1	-1	1.0
boyer	2	0	2	1.0
strongly	0	1	-1	1.0
incest	0	6	-6	1.0
stylistically	1	0	1	1.0
royersford	1	0	1	1.0
hawking	0	1	-1	1.0
homosexual	1	1	0	0.5
1201	0	1	-1	1.0
graphics	2	0	2	1.0
c1	1	0	1	1.0
spain	1	1	0	0.5
commodus	0	2	-2	1.0
theyve	1	0	1	1.0
eareating	0	1	-1	1.0
aesthetics	1	0	1	1.0
lush	1	0	1	1.0
site	3	0	3	1.0
pitt	2	1	1	0.666666666667
lust	0	1	-1	1.0
kudrow	0	2	-2	1.0
askew	1	0	1	1.0
sits	0	1	-1	1.0
clichéplayed	0	1	-1	1.0
oldfashioned	1	0	1	1.0
yuppie	0	1	-1	1.0
romance	1	0	1	1.0
outbreak	0	1	-1	1.0
terrorism	3	0	3	1.0
glaring	1	0	1	1.0
ball	1	1	0	0.5
raymond	1	0	1	1.0
emotionally	0	1	-1	1.0
upon	2	1	1	0.666666666667
identity	0	1	-1	1.0
off	14	15	-1	0.51724137931
pows	0	1	-1	1.0
colour	1	0	1	1.0
dissing	0	1	-1	1.0
cutting	0	1	-1	1.0
command	1	1	0	0.5
350	2	0	2	1.0
audio	1	0	1	1.0
softening	1	0	1	1.0
less	4	5	-1	0.555555555556
moments	4	2	2	0.666666666667
paul	2	2	0	0.5
spinsters	1	0	1	1.0
web	1	0	1	1.0
combine	0	2	-2	1.0
clipped	0	1	-1	1.0
crack	1	1	0	0.5
seeminglyunrelated	1	0	1	1.0
government	2	1	1	0.666666666667
five	2	2	0	0.5
desi	1	0	1	1.0
atrophy	0	1	-1	1.0
enemys	0	1	-1	1.0
50foot	0	1	-1	1.0
warned	1	1	0	0.5
become	9	1	8	0.9
amendment	0	1	-1	1.0
footage	1	2	-1	0.666666666667
splinter	1	0	1	1.0
aneta	1	0	1	1.0
thier	0	1	-1	1.0
blonde	0	3	-3	1.0
literally	1	2	-1	0.666666666667
luzhins	2	0	2	1.0
fedex	0	1	-1	1.0
snappy	0	1	-1	1.0
does	30	8	22	0.789473684211
anabel	0	1	-1	1.0
nakatas	2	0	2	1.0
stagy	0	1	-1	1.0
mcclain	0	1	-1	1.0
sidenotethe	0	1	-1	1.0
stage	1	0	1	1.0
sister	3	9	-6	0.75
lifestyle	1	0	1	1.0
puts	3	2	1	0.6
angeles	1	0	1	1.0
documentary	1	7	-6	0.875
gainey	0	1	-1	1.0
swimming	0	1	-1	1.0
alliance	0	1	-1	1.0
letters	1	0	1	1.0
recognise	0	1	-1	1.0
catherine	0	1	-1	1.0
theyd	1	0	1	1.0
flynn	1	0	1	1.0
delivery	0	1	-1	1.0
	0	2	-2	1.0
apollo	0	2	-2	1.0
places	1	0	1	1.0
society	2	1	1	0.666666666667
official	2	0	2	1.0
excitement	1	0	1	1.0
intangible	1	0	1	1.0
½	0	1	-1	1.0
problem	4	9	-5	0.692307692308
menstruation	2	0	2	1.0
rightly	1	0	1	1.0
slowing	1	0	1	1.0
unwatchable	0	2	-2	1.0
compared	0	1	-1	1.0
variety	3	0	3	1.0
deadly	1	0	1	1.0
details	3	0	3	1.0
francisco	1	0	1	1.0
class	2	3	-1	0.6
treason	0	1	-1	1.0
rex	2	0	2	1.0
chance	1	2	-1	0.666666666667
inspiration	2	0	2	1.0
ghost	1	2	-1	0.666666666667
lasted	0	1	-1	1.0
searched	3	0	3	1.0
gardens	1	0	1	1.0
madsen	0	1	-1	1.0
mansion	1	0	1	1.0
integrity	0	2	-2	1.0
worked	1	2	-1	0.666666666667
relationships	1	2	-1	0.666666666667
andalucia	0	1	-1	1.0
tickle	0	1	-1	1.0
neighbours	0	1	-1	1.0
bike	0	1	-1	1.0
whack	1	0	1	1.0
asthmatic	0	1	-1	1.0
blethyn	0	1	-1	1.0
urinating	1	0	1	1.0
monologue	4	0	4	1.0
1940s	0	1	-1	1.0
triumph	0	1	-1	1.0
paperback	1	0	1	1.0
cher	0	2	-2	1.0
machines	1	0	1	1.0
coed	0	1	-1	1.0
established	1	0	1	1.0
rockies	0	2	-2	1.0
above	4	1	3	0.8
suppose	1	0	1	1.0
told	7	1	6	0.875
neeson	0	1	-1	1.0
simultaneously	1	0	1	1.0
notions	1	0	1	1.0
nutjob	0	1	-1	1.0
pursuit	1	0	1	1.0
stresses	0	1	-1	1.0
daughter	2	7	-5	0.777777777778
study	3	2	1	0.6
sixdegreesofseparation	1	0	1	1.0
smoke	1	0	1	1.0
aka	0	1	-1	1.0
lespart	1	0	1	1.0
spooky	1	0	1	1.0
highly	3	0	3	1.0
socioeconomic	1	0	1	1.0
glance	0	1	-1	1.0
total	2	2	0	0.5
plot	10	14	-4	0.583333333333
plop	0	1	-1	1.0
palestinian	1	1	0	0.5
indians	2	0	2	1.0
negative	3	0	3	1.0
indiana	0	1	-1	1.0
separated	0	1	-1	1.0
bflick	0	1	-1	1.0
bilge	0	1	-1	1.0
award	3	0	3	1.0
aware	0	3	-3	1.0
capabilities	0	1	-1	1.0
camra	1	0	1	1.0
word	6	0	6	1.0
wore	0	1	-1	1.0
1997	2	0	2	1.0
permits	1	0	1	1.0
work	13	3	10	0.8125
eclipse	1	0	1	1.0
karras	0	2	-2	1.0
era	2	2	0	0.5
indicated	2	0	2	1.0
euthanasia	1	0	1	1.0
india	1	0	1	1.0
strangelove	0	2	-2	1.0
fanciful	1	1	0	0.5
farce	1	2	-1	0.666666666667
provide	3	1	2	0.75
ie	2	0	2	1.0
recovers	1	0	1	1.0
hitman	0	1	-1	1.0
interview	0	1	-1	1.0
disappoint	0	1	-1	1.0
beach	3	1	2	0.75
pizza	0	1	-1	1.0
arcs	1	0	1	1.0
ladder	1	0	1	1.0
after	32	22	10	0.592592592593
damaged	0	1	-1	1.0
lax	0	1	-1	1.0
unthreatening	1	0	1	1.0
meaningful	0	1	-1	1.0
scull	0	1	-1	1.0
chilled	0	1	-1	1.0
schneider	1	0	1	1.0
appreciate	6	1	5	0.857142857143
greek	1	0	1	1.0
green	8	1	7	0.888888888889
waitress	1	0	1	1.0
order	1	5	-4	0.833333333333
zee	1	0	1	1.0
westerns	0	1	-1	1.0
innovative	1	0	1	1.0
japan	1	0	1	1.0
bombing	1	0	1	1.0
somewhere	1	4	-3	0.8
production	4	2	2	0.666666666667
sahays	1	0	1	1.0
damages	0	1	-1	1.0
then	35	28	7	0.555555555556
them	25	24	1	0.510204081633
woken	1	0	1	1.0
cuties	1	0	1	1.0
break	1	3	-2	0.75
band	1	0	1	1.0
roommate	0	1	-1	1.0
they	66	59	7	0.528
payback	0	2	-2	1.0
lifelong	1	0	1	1.0
ther	1	0	1	1.0
bank	0	2	-2	1.0
bachchan	2	0	2	1.0
backgrounds	1	0	1	1.0
lifted	0	2	-2	1.0
voiceover	0	1	-1	1.0
crimes	1	0	1	1.0
maniacs	0	1	-1	1.0
flock	3	0	3	1.0
network	0	1	-1	1.0
remorse	1	0	1	1.0
forth	1	0	1	1.0
disputed	0	1	-1	1.0
standard	1	1	0	0.5
mullet	0	1	-1	1.0
muller	1	0	1	1.0
delves	1	0	1	1.0
mvt	1	0	1	1.0
maniac	0	1	-1	1.0
creates	2	1	1	0.666666666667
demilles	1	0	1	1.0
jonestown	1	1	0	0.5
fleshing	1	0	1	1.0
another	15	7	8	0.681818181818
mignard	1	0	1	1.0
thick	0	1	-1	1.0
electronic	1	0	1	1.0
illustrate	1	0	1	1.0
rated	1	3	-2	0.75
rejects	0	1	-1	1.0
elevator	1	0	1	1.0
plentiful	1	0	1	1.0
kangwon	4	0	4	1.0
john	3	6	-3	0.666666666667
opting	0	1	-1	1.0
grandchildren	1	0	1	1.0
happily	1	1	0	0.5
albert	1	0	1	1.0
rejected	0	1	-1	1.0
wasted	1	1	0	0.5
toronto	0	1	-1	1.0
mercy	0	1	-1	1.0
messing	1	0	1	1.0
scenes	15	9	6	0.625
ebay	1	0	1	1.0
glorifies	0	1	-1	1.0
historical	1	1	0	0.5
tackled	1	0	1	1.0
powers	3	0	3	1.0
failing	1	0	1	1.0
portraits	1	0	1	1.0
unconcerned	0	1	-1	1.0
forced	2	1	1	0.666666666667
strength	2	0	2	1.0
realm	1	0	1	1.0
laden	0	1	-1	1.0
convenient	0	1	-1	1.0
latter	1	1	0	0.5
realy	1	0	1	1.0
subjects	0	2	-2	1.0
jehovahs	3	0	3	1.0
forces	0	3	-3	1.0
what	52	41	11	0.559139784946
dreary	1	0	1	1.0
ramblings	1	0	1	1.0
involving	1	1	0	0.5
germany	3	0	3	1.0
30minute	1	0	1	1.0
germans	1	0	1	1.0
calculated	1	0	1	1.0
swamp	0	1	-1	1.0
aunt	1	0	1	1.0
voting	1	0	1	1.0
notion	0	1	-1	1.0
renting	0	1	-1	1.0
aryan	1	0	1	1.0
lewis	1	0	1	1.0
subtle	2	0	2	1.0
d1	1	0	1	1.0
just	53	34	19	0.609195402299
pursuing	1	0	1	1.0
adequate	0	1	-1	1.0
personality	2	0	2	1.0
predecessor	1	0	1	1.0
do	36	25	11	0.590163934426
gores	0	2	-2	1.0
chaney	0	1	-1	1.0
de	7	5	2	0.583333333333
dc	1	0	1	1.0
preferred	0	1	-1	1.0
yielded	0	1	-1	1.0
haunted	1	1	0	0.5
dr	0	5	-5	1.0
runs	3	1	2	0.75
domesticity	1	0	1	1.0
slimiest	0	1	-1	1.0
implication	0	1	-1	1.0
steal	1	0	1	1.0
turmoil	0	1	-1	1.0
cattle	0	1	-1	1.0
techniques	1	1	0	0.5
draws	1	0	1	1.0
away	12	10	2	0.545454545455
symmetric	0	1	-1	1.0
unable	1	2	-1	0.666666666667
farley	1	0	1	1.0
encounters	2	0	2	1.0
we	68	26	42	0.723404255319
terms	1	0	1	1.0
wa	1	0	1	1.0
handful	0	2	-2	1.0
ww	1	0	1	1.0
auteur	0	3	-3	1.0
kitchen	0	1	-1	1.0
gallagas	1	0	1	1.0
cop	1	1	0	0.5
psychologists	0	1	-1	1.0
cow	1	0	1	1.0
coy	0	1	-1	1.0
ill	8	4	4	0.666666666667
cob	1	0	1	1.0
receives	0	1	-1	1.0
brad	2	1	1	0.666666666667
tone	3	0	3	1.0
tons	0	1	-1	1.0
tony	2	2	0	0.5
oblivious	0	1	-1	1.0
beheaded	1	0	1	1.0
speak	3	0	3	1.0
petto	1	0	1	1.0
noel	1	0	1	1.0
warmth	1	0	1	1.0
families	1	0	1	1.0
easy	5	3	2	0.625
attacked	0	4	-4	1.0
concerning	1	0	1	1.0
levels	0	1	-1	1.0
madhouse	0	1	-1	1.0
applied	1	0	1	1.0
davison	0	1	-1	1.0
east	3	0	3	1.0
ahead	2	0	2	1.0
air	3	2	1	0.6
aim	1	0	1	1.0
depictions	0	1	-1	1.0
untastful	0	1	-1	1.0
abrupt	1	0	1	1.0
aid	1	0	1	1.0
property	1	1	0	0.5
mistake	2	2	0	0.5
dobson	1	0	1	1.0
sticker	1	0	1	1.0
dumped	0	1	-1	1.0
audrey	1	0	1	1.0
hebrew	1	0	1	1.0
kotex	1	0	1	1.0
jerry	2	0	2	1.0
cecil	1	0	1	1.0
advertising	1	0	1	1.0
wheel	0	1	-1	1.0
raid	1	0	1	1.0
carguy	0	1	-1	1.0
inheritor	1	0	1	1.0
saddam	1	0	1	1.0
evil	2	1	1	0.666666666667
hand	0	2	-2	1.0
redneck	3	0	3	1.0
hans	1	0	1	1.0
exudes	0	1	-1	1.0
kept	1	2	-1	0.666666666667
thy	0	1	-1	1.0
1975	1	0	1	1.0
1974	0	1	-1	1.0
1971	0	3	-3	1.0
tho	0	1	-1	1.0
campy	1	0	1	1.0
contact	1	0	1	1.0
the	1170	761	409	0.605903676851
musical	2	2	0	0.5
edmonton	0	1	-1	1.0
victim	1	0	1	1.0
adding	1	0	1	1.0
josh	0	1	-1	1.0
belongs	1	1	0	0.5
board	2	0	2	1.0
campanella	0	1	-1	1.0
tarzan	1	0	1	1.0
skanky	0	1	-1	1.0
theyre	2	4	-2	0.666666666667
night	16	9	7	0.64
security	1	1	0	0.5
towards	0	1	-1	1.0
worldwide	1	0	1	1.0
taffy	0	1	-1	1.0
sends	0	1	-1	1.0
born	3	1	2	0.75
bemused	0	1	-1	1.0
humor	3	8	-5	0.727272727273
purple	1	0	1	1.0
comments	10	1	9	0.909090909091
filming	3	0	3	1.0
asking	3	1	2	0.75
beating	0	1	-1	1.0
participation	1	0	1	1.0
pose	0	1	-1	1.0
post	2	1	1	0.666666666667
months	2	0	2	1.0
wrestlingobsessed	1	0	1	1.0
mowgli	1	0	1	1.0
dilemma	2	0	2	1.0
prisoners	1	0	1	1.0
balances	1	0	1	1.0
rendering	1	0	1	1.0
capped	0	1	-1	1.0
balanced	1	0	1	1.0
amidst	1	0	1	1.0
available	2	0	2	1.0
fight	3	0	3	1.0
way	40	15	25	0.727272727273
was	139	103	36	0.574380165289
war	13	6	7	0.684210526316
atherton	1	0	1	1.0
cheech	1	0	1	1.0
overrules	1	0	1	1.0
flirtatious	0	6	-6	1.0
generosity	1	0	1	1.0
emotional	1	1	0	0.5
terminally	1	0	1	1.0
forgiveable	1	0	1	1.0
pufnstuf	0	3	-3	1.0
guesses	1	0	1	1.0
moore	1	4	-3	0.8
inquisition	0	1	-1	1.0
nudity	0	4	-4	1.0
abstract	0	1	-1	1.0
israel	1	4	-3	0.8
evidence	0	2	-2	1.0
face	4	1	3	0.8
mold	0	1	-1	1.0
physical	2	0	2	1.0
dying	0	2	-2	1.0
reality	3	1	2	0.75
holding	1	0	1	1.0
topper	1	0	1	1.0
nonmedical	1	0	1	1.0
brothers	7	4	3	0.636363636364
convincing	1	1	0	0.5
together	5	3	2	0.625
basically	1	1	0	0.5
vampires	0	1	-1	1.0
dance	1	1	0	0.5
global	1	6	-5	0.857142857143
fabricated	1	0	1	1.0
fulcicut	1	0	1	1.0
grateful	2	1	1	0.666666666667
battle	2	0	2	1.0
idealism	2	0	2	1.0
supposedly	1	0	1	1.0
thankgodidontlivethere	0	1	-1	1.0
flash	1	0	1	1.0
aristocratic	2	0	2	1.0
terror	1	0	1	1.0
brown	0	2	-2	1.0
seemingly	2	2	0	0.5
trouble	3	2	1	0.6
presented	1	0	1	1.0
turns	3	4	-1	0.571428571429
gun	0	2	-2	1.0
drakes	1	0	1	1.0
guy	3	10	-7	0.769230769231
upper	0	2	-2	1.0
revolution	1	1	0	0.5
regret	2	0	2	1.0
murnau	1	0	1	1.0
repetitive	0	1	-1	1.0
repents	0	1	-1	1.0
discover	1	0	1	1.0
rough	1	0	1	1.0
cargo	0	1	-1	1.0
appear	1	2	-1	0.666666666667
barbie	0	1	-1	1.0
uniform	3	1	2	0.75
pulsating	0	1	-1	1.0
1015	1	0	1	1.0
appeal	1	0	1	1.0
satisfy	2	0	2	1.0
supporting	2	1	1	0.666666666667
explosion	0	1	-1	1.0
muslim	0	5	-5	1.0
mst3k	0	1	-1	1.0
sleepwalkers	0	1	-1	1.0
bosworth	0	1	-1	1.0
appears	2	2	0	0.5
change	4	2	2	0.666666666667
flames	0	2	-2	1.0
usually	2	2	0	0.5
shootouts	0	1	-1	1.0
morven	0	1	-1	1.0
regardless	0	1	-1	1.0
extra	1	1	0	0.5
roadbuddycomedythrillerromancedrama	0	1	-1	1.0
immediatly	1	0	1	1.0
rarely	0	2	-2	1.0
market	1	0	1	1.0
stereoscopic	0	1	-1	1.0
prove	2	0	2	1.0
collegecliques	1	0	1	1.0
territories	0	1	-1	1.0
live	5	3	2	0.625
angels	1	0	1	1.0
club	0	1	-1	1.0
envelope	0	1	-1	1.0
clue	0	3	-3	1.0
graphic	0	3	-3	1.0
trilling	0	1	-1	1.0
car	5	5	0	0.5
cat	4	8	-4	0.666666666667
labeled	0	1	-1	1.0
incidents	0	1	-1	1.0
can	50	19	31	0.724637681159
woefully	2	0	2	1.0
unmourned	0	1	-1	1.0
social	1	4	-3	0.8
heart	2	1	1	0.666666666667
dedicated	1	0	1	1.0
hears	2	1	1	0.666666666667
nemo	1	0	1	1.0
heard	4	1	3	0.8
abort	0	1	-1	1.0
clothing	1	1	0	0.5
serum	0	1	-1	1.0
fortunately	0	1	-1	1.0
mpaa	0	1	-1	1.0
write	1	3	-2	0.75
ultralow	0	1	-1	1.0
strays	1	0	1	1.0
product	2	0	2	1.0
whacked	2	0	2	1.0
paintedon	1	0	1	1.0
sacrifice	1	1	0	0.5
southern	2	2	0	0.5
produce	1	1	0	0.5
remember	13	15	-2	0.535714285714
whenever	0	1	-1	1.0
futures	1	0	1	1.0
danzel	0	1	-1	1.0
kurt	0	1	-1	1.0
typical	3	3	0	0.5
noltes	1	0	1	1.0
indeed	1	1	0	0.5
displayed	0	1	-1	1.0
cotten	1	0	1	1.0
brain	1	2	-1	0.666666666667
disparities	1	0	1	1.0
cold	0	1	-1	1.0
still	19	9	10	0.678571428571
birds	0	1	-1	1.0
ethic	1	0	1	1.0
curly	0	1	-1	1.0
reacting	0	1	-1	1.0
forms	2	1	1	0.666666666667
window	0	2	-2	1.0
nod	1	0	1	1.0
lumbering	0	1	-1	1.0
1955	0	1	-1	1.0
1954	1	0	1	1.0
bilko	0	2	-2	1.0
1950	1	0	1	1.0
half	9	6	3	0.6
not	96	69	27	0.581818181818
now	13	7	6	0.65
hall	0	1	-1	1.0
nor	3	1	2	0.75
wont	5	3	2	0.625
prospero	1	0	1	1.0
james	2	7	-5	0.777777777778
picturebr	1	0	1	1.0
wong	1	0	1	1.0
entirely	0	1	-1	1.0
em	0	1	-1	1.0
el	1	0	1	1.0
rodential	0	1	-1	1.0
ed	1	0	1	1.0
worriedly	1	0	1	1.0
yeah	2	0	2	1.0
kana	1	0	1	1.0
replay	0	1	-1	1.0
ex	0	1	-1	1.0
year	5	4	1	0.555555555556
ubiquitous	1	0	1	1.0
happen	4	3	1	0.571428571429
monitors	0	1	-1	1.0
fu	0	1	-1	1.0
pufnstufs	0	1	-1	1.0
shown	9	0	9	1.0
opened	0	1	-1	1.0
space	0	2	-2	1.0
amateurishly	0	1	-1	1.0
furthermore	2	0	2	1.0
looking	7	5	2	0.583333333333
rational	1	0	1	1.0
showroom	0	2	-2	1.0
receiving	0	2	-2	1.0
shows	20	7	13	0.740740740741
inevitably	1	0	1	1.0
cary	0	2	-2	1.0
carr	1	0	1	1.0
cars	1	0	1	1.0
carl	2	0	2	1.0
inevitable	1	0	1	1.0
card	1	0	1	1.0
care	3	10	-7	0.769230769231
transition	2	0	2	1.0
unsung	1	0	1	1.0
british	4	7	-3	0.636363636364
honest	0	2	-2	1.0
palaces	0	1	-1	1.0
invitation	1	0	1	1.0
promotion	0	1	-1	1.0
support	5	4	1	0.555555555556
blind	1	1	0	0.5
flying	0	1	-1	1.0
xo	0	1	-1	1.0
striking	1	0	1	1.0
yourself	2	2	0	0.5
directly	2	0	2	1.0
impossible	5	2	3	0.714285714286
message	8	1	7	0.888888888889
drove	0	1	-1	1.0
tomorrow	1	0	1	1.0
sheer	1	1	0	0.5
silent	2	0	2	1.0
caught	4	1	3	0.8
breed	0	1	-1	1.0
households	2	0	2	1.0
tragic	8	0	8	1.0
dunces	1	0	1	1.0
friend	3	1	2	0.75
mostly	1	0	1	1.0
that	238	143	95	0.62467191601
brains	1	1	0	0.5
appreciated	1	0	1	1.0
television	8	1	7	0.888888888889
optimism	1	0	1	1.0
movingly	1	0	1	1.0
sublime	1	0	1	1.0
contempory	0	1	-1	1.0
13th	0	1	-1	1.0
decapitated	0	1	-1	1.0
distorted	0	1	-1	1.0
anger	1	1	0	0.5
nuanced	1	0	1	1.0
nuances	1	0	1	1.0
deux	0	1	-1	1.0
objective	2	0	2	1.0
begin	4	1	3	0.8
alquida	1	0	1	1.0
price	0	2	-2	1.0
neatly	0	1	-1	1.0
importantly	1	0	1	1.0
expertly	2	0	2	1.0
america	4	1	3	0.8
forever	3	0	3	1.0
uss	0	1	-1	1.0
tooth	0	3	-3	1.0
slaves	1	0	1	1.0
professional	7	0	7	1.0
typically	0	1	-1	1.0
anagrambr	1	0	1	1.0
german	1	2	-1	0.666666666667
discovered	0	1	-1	1.0
highlyqualified	0	1	-1	1.0
geography	1	1	0	0.5
aint	1	1	0	0.5
echance	0	1	-1	1.0
title	16	3	13	0.842105263158
skits	1	0	1	1.0
only	36	23	13	0.610169491525
cannon	1	0	1	1.0
truly	5	0	5	1.0
cannot	1	3	-2	0.75
postintolerance	1	0	1	1.0
roadster	1	0	1	1.0
imbecile	1	0	1	1.0
husband	4	4	0	0.5
burst	1	0	1	1.0
physically	0	3	-3	1.0
europeans	0	2	-2	1.0
israeli	1	1	0	0.5
phillimines	1	0	1	1.0
fascinated	1	0	1	1.0
3	6	5	1	0.545454545455
between	14	13	1	0.518518518519
notice	1	0	1	1.0
blame	0	2	-2	1.0
hawai	2	0	2	1.0
comeback	1	0	1	1.0
daddy	1	0	1	1.0
temper	0	1	-1	1.0
comes	3	9	-6	0.75
nearby	0	1	-1	1.0
madness	1	0	1	1.0
maffialike	0	1	-1	1.0
learning	0	2	-2	1.0
tseriously	0	1	-1	1.0
oliver	1	0	1	1.0
cares	0	1	-1	1.0
cared	0	2	-2	1.0
dangers	1	0	1	1.0
wounds	1	1	0	0.5
stems	1	0	1	1.0
suspected	1	0	1	1.0
ruby	2	0	2	1.0
realities	1	0	1	1.0
these	25	18	7	0.581395348837
offbeat	1	0	1	1.0
judds	2	0	2	1.0
thrillers	1	0	1	1.0
coolest	1	0	1	1.0
alcoholic	0	1	-1	1.0
commander	1	0	1	1.0
bias	1	0	1	1.0
eras	2	0	2	1.0
thrills	1	0	1	1.0
worry	1	0	1	1.0
develop	2	0	2	1.0
innocently	0	1	-1	1.0
media	3	0	3	1.0
over18	1	0	1	1.0
61310	0	1	-1	1.0
document	2	0	2	1.0
noble	1	1	0	0.5
finish	0	1	-1	1.0
closest	0	1	-1	1.0
investigates	0	1	-1	1.0
mentally	0	1	-1	1.0
theater	4	1	3	0.8
traps	1	0	1	1.0
dreyers	1	0	1	1.0
severe	1	1	0	0.5
otherwise	2	1	1	0.666666666667
8½	0	1	-1	1.0
dancers	1	0	1	1.0
valuable	2	0	2	1.0
tobe	0	1	-1	1.0
actor	2	3	-1	0.6
touch	3	0	3	1.0
speed	0	1	-1	1.0
death	7	7	0	0.5
euros	0	1	-1	1.0
thinking	2	3	-1	0.6
senseless	2	0	2	1.0
desktop	0	1	-1	1.0
allude	1	0	1	1.0
treatment	0	1	-1	1.0
versa	1	0	1	1.0
baloney	0	1	-1	1.0
struck	2	0	2	1.0
real	23	7	16	0.766666666667
phelps	1	0	1	1.0
read	9	2	7	0.818181818182
gonna	1	0	1	1.0
early	4	3	1	0.571428571429
19thcentury	1	0	1	1.0
listening	2	0	2	1.0
stunt	0	1	-1	1.0
lady	1	0	1	1.0
rear	1	0	1	1.0
ruled	1	0	1	1.0
collective	1	0	1	1.0
miracle	1	0	1	1.0
oblivion	1	0	1	1.0
t	1	3	-2	0.75
output	0	1	-1	1.0
twelve	0	1	-1	1.0
oscars	0	1	-1	1.0
eddie	3	1	2	0.75
payed	1	0	1	1.0
perverse	0	1	-1	1.0
doogans	1	0	1	1.0
recorded	1	0	1	1.0
cleansed	0	1	-1	1.0
sarandon	0	1	-1	1.0
hustle	1	0	1	1.0
n64	1	0	1	1.0
assembly	1	0	1	1.0
business	1	1	0	0.5
asap	1	0	1	1.0
throb	1	0	1	1.0
sixth	1	0	1	1.0
equivalent	0	1	-1	1.0
credits	1	3	-2	0.75
1930	1	0	1	1.0
1936	0	1	-1	1.0
throw	0	1	-1	1.0
emasculate	0	1	-1	1.0
bushido	1	0	1	1.0
chop	0	1	-1	1.0
greatly	1	0	1	1.0
flashbacks	1	3	-2	0.75
researching	2	0	2	1.0
youd	1	1	0	0.5
akshays	1	0	1	1.0
elementary	1	0	1	1.0
your	25	17	8	0.595238095238
pitor	1	0	1	1.0
gungho	0	1	-1	1.0
area	1	0	1	1.0
shotgunhappy	1	0	1	1.0
removing	0	1	-1	1.0
lon	0	1	-1	1.0
stark	1	0	1	1.0
cato	0	1	-1	1.0
start	4	5	-1	0.555555555556
cats	3	1	2	0.75
stars	6	7	-1	0.538461538462
lou	1	0	1	1.0
assumes	1	0	1	1.0
overpaid	1	0	1	1.0
smuggling	2	0	2	1.0
manipulative	1	1	0	0.5
dorado	1	0	1	1.0
trying	6	7	-1	0.538461538462
embedded	1	0	1	1.0
bucket	1	0	1	1.0
sadness	2	0	2	1.0
beliefs	0	1	-1	1.0
describe	2	0	2	1.0
moved	6	0	6	1.0
1202	0	1	-1	1.0
moves	0	1	-1	1.0
nerd	0	2	-2	1.0
credibility	0	2	-2	1.0
cinematography	1	1	0	0.5
valid	1	0	1	1.0
you	118	72	46	0.621052631579
forcing	0	1	-1	1.0
dominates	0	1	-1	1.0
suited	1	0	1	1.0
torches	0	1	-1	1.0
building	2	1	1	0.666666666667
overseas	0	1	-1	1.0
misnomer	1	0	1	1.0
since	12	9	3	0.571428571429
pointing	0	1	-1	1.0
durango	0	1	-1	1.0
unrest	0	1	-1	1.0
thoughtful	1	0	1	1.0
zuckerman	0	1	-1	1.0
referring	2	0	2	1.0
gymnast	0	2	-2	1.0
1930s	1	0	1	1.0
clerics	3	0	3	1.0
dominated	1	0	1	1.0
anybodys	1	0	1	1.0
homes	1	0	1	1.0
very	37	19	18	0.660714285714
horror	4	9	-5	0.692307692308
walthall	0	4	-4	1.0
decide	4	3	1	0.571428571429
heaven	1	0	1	1.0
manager	2	1	1	0.666666666667
mile	0	1	-1	1.0
ogling	0	1	-1	1.0
doofy	1	0	1	1.0
bandits	1	0	1	1.0
streets	1	0	1	1.0
casual	0	1	-1	1.0
conscience	1	1	0	0.5
darkness	1	2	-1	0.666666666667
witnessed	0	1	-1	1.0
emotions	1	0	1	1.0
witnesses	5	0	5	1.0
multinational	1	0	1	1.0
edited	1	0	1	1.0
recruits	0	1	-1	1.0
loose	4	0	4	1.0
answers	1	1	0	0.5
kimi	1	0	1	1.0
bribes	0	1	-1	1.0
iraq	4	1	3	0.8
traumas	0	1	-1	1.0
conviction	1	0	1	1.0
cathartic	1	0	1	1.0
exceptionally	1	0	1	1.0
hims	0	1	-1	1.0
creepy	2	1	1	0.666666666667
whiny	0	1	-1	1.0
soldier	3	1	2	0.75
dureyea	1	0	1	1.0
arent	3	0	3	1.0
starrett	0	2	-2	1.0
trainer	1	1	0	0.5
family	24	6	18	0.8
virgins	0	1	-1	1.0
conventional	0	1	-1	1.0
flaws	1	0	1	1.0
takes	5	7	-2	0.583333333333
saxony	1	0	1	1.0
answered	1	0	1	1.0
revelation	1	0	1	1.0
taken	3	2	1	0.6
fishburne	1	0	1	1.0
abridged	1	0	1	1.0
surprisingly	1	0	1	1.0
broke	0	1	-1	1.0
helped	1	1	0	0.5
offender	1	0	1	1.0
pertwee	0	1	-1	1.0
nine	1	2	-1	0.666666666667
history	5	2	3	0.714285714286
f1	0	1	-1	1.0
species	1	0	1	1.0
chops	1	0	1	1.0
keatons	1	0	1	1.0
tried	1	0	1	1.0
tries	3	1	2	0.75
trier	1	0	1	1.0
purring	1	0	1	1.0
rudy	4	0	4	1.0
kunefe	0	1	-1	1.0
a	528	361	167	0.59392575928
bugs	0	1	-1	1.0
dread	1	0	1	1.0
scaring	1	0	1	1.0
comatose	0	1	-1	1.0
dream	4	1	3	0.8
help	8	2	6	0.8
hierarchy	1	0	1	1.0
soon	3	3	0	0.5
soos	1	0	1	1.0
held	1	0	1	1.0
perceptive	1	0	1	1.0
committed	1	3	-2	0.75
hell	11	5	6	0.6875
mcdonalds	0	7	-7	1.0
fanning	0	1	-1	1.0
botched	0	1	-1	1.0
reluctance	1	0	1	1.0
actually	8	11	-3	0.578947368421
assemblyline	1	0	1	1.0
heros	1	0	1	1.0
relate	2	2	0	0.5
peanuts	0	1	-1	1.0
evening	2	0	2	1.0
curtis	3	0	3	1.0
food	3	2	1	0.6
geopolitical	1	0	1	1.0
vomit	0	1	-1	1.0
foot	0	1	-1	1.0
fully	0	1	-1	1.0
althogh	1	0	1	1.0
stopped	3	2	1	0.6
apartheid	1	0	1	1.0
fairy	0	3	-3	1.0
lifestyles	0	1	-1	1.0
referred	3	0	3	1.0
coviewer	0	1	-1	1.0
dangerfields	0	1	-1	1.0
bickering	1	0	1	1.0
beyond	2	1	1	0.666666666667
event	3	0	3	1.0
mcgovern	0	1	-1	1.0
vertigo	1	0	1	1.0
robert	3	5	-2	0.625
sympathizer	0	1	-1	1.0
safety	1	0	1	1.0
7	3	2	1	0.6
issue	4	0	4	1.0
gardener	0	1	-1	1.0
rednosed	1	0	1	1.0
pub	1	0	1	1.0
reason	5	5	0	0.5
base	0	1	-1	1.0
dire	0	2	-2	1.0
dirk	2	0	2	1.0
bash	0	1	-1	1.0
pus	0	1	-1	1.0
unbecoming	0	1	-1	1.0
launch	1	0	1	1.0
americas	1	0	1	1.0
cheering	0	2	-2	1.0
american	7	5	2	0.583333333333
expecting	0	1	-1	1.0
syria	0	1	-1	1.0
undergo	0	1	-1	1.0
probability	1	0	1	1.0
runofthemill	0	1	-1	1.0
craps	1	0	1	1.0
miss	2	1	1	0.666666666667
maple	0	1	-1	1.0
horse	1	3	-2	0.75
pinned	1	0	1	1.0
station	2	0	2	1.0
scheme	0	1	-1	1.0
selling	0	1	-1	1.0
1918	1	0	1	1.0
murphys	1	0	1	1.0
jordan	0	1	-1	1.0
boredom	0	1	-1	1.0
inventing	1	0	1	1.0
1915	1	1	0	0.5
grew	2	0	2	1.0
kindly	0	1	-1	1.0
heathcliff	3	0	3	1.0
miseries	1	0	1	1.0
grey	1	0	1	1.0
purposeless	0	1	-1	1.0
bride	0	2	-2	1.0
toward	1	2	-1	0.666666666667
sentenced	1	0	1	1.0
deciding	1	0	1	1.0
headwear	0	2	-2	1.0
wasnt	6	2	4	0.75
emperors	1	0	1	1.0
novak	1	0	1	1.0
comrades	1	0	1	1.0
sentences	0	1	-1	1.0
kari	0	1	-1	1.0
vulnerable	1	0	1	1.0
lie	1	1	0	0.5
scotland	0	4	-4	1.0
camouflage	1	0	1	1.0
lit	1	0	1	1.0
labour	1	0	1	1.0
useless	0	1	-1	1.0
aired	1	0	1	1.0
caliber	1	1	0	0.5
hires	0	1	-1	1.0
afghanistan	0	1	-1	1.0
macy	0	1	-1	1.0
hired	0	4	-4	1.0
eaten	0	1	-1	1.0
raving	0	1	-1	1.0
performances	2	2	0	0.5
clear	5	1	4	0.833333333333
archers	0	1	-1	1.0
unreasonable	1	0	1	1.0
clean	1	1	0	0.5
latest	1	0	1	1.0
blend	2	0	2	1.0
stalked	0	3	-3	1.0
conspirein	1	0	1	1.0
stalker	1	0	1	1.0
current	1	0	1	1.0
northern	2	0	2	1.0
justice	1	0	1	1.0
flesh	0	1	-1	1.0
paranoia	0	1	-1	1.0
pretty	0	2	-2	1.0
hardened	0	1	-1	1.0
circle	0	2	-2	1.0
policing	1	0	1	1.0
famous	1	0	1	1.0
feels	1	0	1	1.0
picutres	1	0	1	1.0
during	9	4	5	0.692307692308
dontwatch	0	1	-1	1.0
catches	0	1	-1	1.0
glover	1	0	1	1.0
switzerland	3	0	3	1.0
x	0	1	-1	1.0
throwing	0	1	-1	1.0
plausibly	1	0	1	1.0
culture	2	3	-1	0.6
close	6	3	3	0.666666666667
locals	1	0	1	1.0
horrid	0	1	-1	1.0
pictures	2	0	2	1.0
won	1	1	0	0.5
guardian	1	0	1	1.0
probably	6	8	-2	0.571428571429
missing	8	1	7	0.888888888889
spray	0	1	-1	1.0
genre	1	1	0	0.5
both	21	5	16	0.807692307692
lookalike	0	1	-1	1.0
memorized	0	1	-1	1.0
fiance	0	1	-1	1.0
keaton	9	0	9	1.0
sensitive	1	0	1	1.0
buzz	1	0	1	1.0
protector	1	0	1	1.0
visayas	1	0	1	1.0
headed	1	0	1	1.0
whatever	1	3	-2	0.75
unfolded	1	0	1	1.0
likes	3	1	2	0.75
langs	1	0	1	1.0
catwalk	1	0	1	1.0
described	3	0	3	1.0
outstanding	4	1	3	0.8
mutiny	0	1	-1	1.0
feelgood	1	0	1	1.0
dame	0	1	-1	1.0
dialogue	2	2	0	0.5
lived	1	0	1	1.0
else	0	6	-6	1.0
anthony	1	1	0	0.5
lives	11	4	7	0.733333333333
liver	0	1	-1	1.0
airforce	0	1	-1	1.0
maguire	1	0	1	1.0
impersonating	1	0	1	1.0
wyatt	1	0	1	1.0
pace	3	2	1	0.6
while	13	6	7	0.684210526316
confederacy	1	0	1	1.0
animated	3	1	2	0.75
mitchell	0	1	-1	1.0
guide	0	1	-1	1.0
danes	1	0	1	1.0
herein	1	0	1	1.0
geologists	0	2	-2	1.0
ready	2	1	1	0.666666666667
anymore	2	1	1	0.666666666667
grant	0	2	-2	1.0
discredit	1	0	1	1.0
grand	1	0	1	1.0
soylent	8	0	8	1.0
conflict	1	0	1	1.0
used	6	6	0	0.5
bonus	1	0	1	1.0
blair	1	0	1	1.0
uses	1	1	0	0.5
haunting	2	0	2	1.0
kurdish	4	0	4	1.0
older	3	1	2	0.75
obviously	3	2	1	0.6
nonetheless	1	0	1	1.0
synopsis	0	1	-1	1.0
chronicles	0	1	-1	1.0
genuinely	2	0	2	1.0
appalled	0	1	-1	1.0
weakest	0	2	-2	1.0
abstain	1	0	1	1.0
exploits	0	1	-1	1.0
reviewer	3	0	3	1.0
retirement	0	1	-1	1.0
cemetery	0	1	-1	1.0
march	1	1	0	0.5
selfdestructive	1	0	1	1.0
lacking	1	0	1	1.0
showing	3	1	2	0.75
game	5	1	4	0.833333333333
culturally	1	0	1	1.0
waynes	1	0	1	1.0
damage	1	0	1	1.0
wings	1	0	1	1.0
overthrown	1	0	1	1.0
defied	0	1	-1	1.0
envisioned	1	0	1	1.0
spelunking	0	1	-1	1.0
eel	0	1	-1	1.0
dreck	0	1	-1	1.0
popular	2	0	2	1.0
sketch	1	0	1	1.0
lampidorrans	3	0	3	1.0
brakes	0	1	-1	1.0
infecting	1	0	1	1.0
fathers	0	1	-1	1.0
some	39	28	11	0.582089552239
undress	1	0	1	1.0
coney	0	1	-1	1.0
lips	1	0	1	1.0
experienced	1	0	1	1.0
delivered	1	1	0	0.5
confounds	0	1	-1	1.0
civilization	1	0	1	1.0
everybody	0	4	-4	1.0
run	7	5	2	0.583333333333
viewpoints	1	0	1	1.0
onenote	1	1	0	0.5
panhandle	1	0	1	1.0
abroad	1	0	1	1.0
faith	2	0	2	1.0
wouldnt	3	7	-4	0.7
entailed	1	0	1	1.0
simulation	1	0	1	1.0
silence	1	0	1	1.0
miracles	1	0	1	1.0
seeing	3	3	0	0.5
caretaker	0	1	-1	1.0
within	4	2	2	0.666666666667
awardwinning	2	0	2	1.0
statistics	0	1	-1	1.0
placing	1	0	1	1.0
smell]	1	0	1	1.0
tobey	1	0	1	1.0
himself	4	4	0	0.5
properly	1	0	1	1.0
reed	0	2	-2	1.0
authority	2	0	2	1.0
russian	0	4	-4	1.0
injection	1	0	1	1.0
probate	1	0	1	1.0
collapses	0	1	-1	1.0
hair	4	2	2	0.666666666667
skull	0	1	-1	1.0
grinch	1	0	1	1.0
stumbling	1	1	0	0.5
commiseration	1	0	1	1.0
similar	8	1	7	0.888888888889
noone	1	0	1	1.0
popularity	0	1	-1	1.0
adults	0	1	-1	1.0
videostores	1	0	1	1.0
selfhelp	0	1	-1	1.0
carmen	2	0	2	1.0
2135	0	1	-1	1.0
amounts	0	1	-1	1.0
fears	1	0	1	1.0
nas	1	0	1	1.0
politicians	1	0	1	1.0
electrical	0	1	-1	1.0
tits	0	1	-1	1.0
department	2	0	2	1.0
viren	3	0	3	1.0
smiles	1	0	1	1.0
reportedly	1	0	1	1.0
kansas	4	0	4	1.0
william	0	1	-1	1.0
drag	0	1	-1	1.0
reservation	0	1	-1	1.0
heroine	1	1	0	0.5
structure	1	0	1	1.0
ligabue	1	0	1	1.0
overlong	0	1	-1	1.0
practically	1	0	1	1.0
dvd	8	4	4	0.666666666667
outing	1	1	0	0.5
required	1	0	1	1.0
youtube	1	0	1	1.0
depth	0	1	-1	1.0
requires	1	0	1	1.0
katz	1	0	1	1.0
aristocrat	1	0	1	1.0
psycho	2	1	1	0.666666666667
kate	0	2	-2	1.0
wizard	2	0	2	1.0
oclock	1	1	0	0.5
pachydermsno	1	0	1	1.0
colman	1	0	1	1.0
kitty	2	1	1	0.666666666667
miners	3	0	3	1.0
wave	0	1	-1	1.0
telling	0	1	-1	1.0
donnacha	1	0	1	1.0
homicidal	1	0	1	1.0
quayle	0	1	-1	1.0
gender	0	1	-1	1.0
michael	2	3	-1	0.6
ryan	0	1	-1	1.0
verdict	1	0	1	1.0
reshooting	1	0	1	1.0
honore	1	0	1	1.0
boots	1	0	1	1.0
jump	2	1	1	0.666666666667
picked	0	1	-1	1.0
notwithstanding	1	0	1	1.0
mcteers	0	1	-1	1.0
plays	7	4	3	0.636363636364
vampire	0	4	-4	1.0
cell	0	1	-1	1.0
experiment	5	0	5	1.0
schieder	0	1	-1	1.0
melancholy	1	0	1	1.0
focuses	1	0	1	1.0
elect	1	0	1	1.0
kidnapper	0	1	-1	1.0
ramsey	0	1	-1	1.0
weirdo	1	0	1	1.0
kidnapped	1	1	0	0.5
likened	1	0	1	1.0
pressure	2	0	2	1.0
stubbornness	1	0	1	1.0
unfathomables	0	1	-1	1.0
gene	0	1	-1	1.0
ohanlon	1	0	1	1.0
addresses	1	0	1	1.0
win	4	0	4	1.0
austria	1	0	1	1.0
gimmick	1	0	1	1.0
singing	2	0	2	1.0
cloud	0	1	-1	1.0
strapped	0	1	-1	1.0
crap	3	6	-3	0.666666666667
connery	1	1	0	0.5
hudson	1	0	1	1.0
congratulated	1	0	1	1.0
camera	3	5	-2	0.625
vehicle	0	1	-1	1.0
jonathan	1	0	1	1.0
pinnochio	0	1	-1	1.0
hydro	0	1	-1	1.0
started	3	4	-1	0.571428571429
becomes	0	3	-3	1.0
israelis	0	1	-1	1.0
unfaithful	1	0	1	1.0
salad	0	2	-2	1.0
ride	0	1	-1	1.0
archer	0	1	-1	1.0
meet	1	1	0	0.5
drops	0	2	-2	1.0
control	1	3	-2	0.75
escapes	1	0	1	1.0
jayhawkers	1	0	1	1.0
pulling	0	1	-1	1.0
sought	0	1	-1	1.0
publicity	0	1	-1	1.0
digested	0	1	-1	1.0
poetry	1	0	1	1.0
rohmer	2	0	2	1.0
located	2	1	1	0.666666666667
fare	1	0	1	1.0
ronald	1	0	1	1.0
sledgehammers	0	1	-1	1.0
introduced	3	0	3	1.0
xenophobia	1	0	1	1.0
scoop	2	0	2	1.0
agenda	0	1	-1	1.0
9209	0	1	-1	1.0
including	5	2	3	0.714285714286
costume	2	0	2	1.0
mentioned	6	2	4	0.75
blake	0	1	-1	1.0
affleck	0	3	-3	1.0
mained	1	0	1	1.0
housewife	0	1	-1	1.0
wellknown	1	0	1	1.0
grubiness	1	0	1	1.0
sword	2	0	2	1.0
auto	0	1	-1	1.0
hands	1	1	0	0.5
front	2	1	1	0.666666666667
naschy	0	3	-3	1.0
masters	2	0	2	1.0
storyboard	1	0	1	1.0
byington	1	0	1	1.0
slide	1	0	1	1.0
crossing	0	1	-1	1.0
exceeded	1	0	1	1.0
stimulants	1	0	1	1.0
special	2	3	-1	0.6
butch	2	0	2	1.0
critics	0	3	-3	1.0
cause	4	1	3	0.8
demeanour	1	0	1	1.0
darkly	1	0	1	1.0
completely	8	5	3	0.615384615385
princess	3	0	3	1.0
drowning	0	1	-1	1.0
hostile	2	0	2	1.0
1981	0	1	-1	1.0
ask	2	5	-3	0.714285714286
times	4	5	-1	0.555555555556
itor	1	0	1	1.0
shred	0	1	-1	1.0
resumes	0	1	-1	1.0
humphrey	0	1	-1	1.0
designed	0	2	-2	1.0
succeeds	3	0	3	1.0
powerful	1	0	1	1.0
bitch	1	2	-1	0.666666666667
precisely	1	0	1	1.0
hiding	0	1	-1	1.0
bears	0	1	-1	1.0
revealed	1	0	1	1.0
achieved	1	0	1	1.0
attach	0	1	-1	1.0
attack	2	2	0	0.5
wrapped	1	0	1	1.0
final	9	4	5	0.692307692308
cutaway	1	0	1	1.0
exactly	2	3	-1	0.6
overwhelming	2	0	2	1.0
newlywed	0	1	-1	1.0
photograph	1	0	1	1.0
ben	0	2	-2	1.0
thrashing	0	1	-1	1.0
beg	0	1	-1	1.0
bed	2	4	-2	0.666666666667
cartoonish	1	0	1	1.0
providing	1	0	1	1.0
bet	2	0	2	1.0
lightly	1	0	1	1.0
need	7	7	0	0.5
facing	1	1	0	0.5
border	0	3	-3	1.0
sings	1	0	1	1.0
able	7	2	5	0.777777777778
battles	1	0	1	1.0
instance	1	0	1	1.0
issuing	0	1	-1	1.0
romances	1	0	1	1.0
battled	0	1	-1	1.0
pursues	0	1	-1	1.0
camper	1	0	1	1.0
connected	2	0	2	1.0
demise	1	0	1	1.0
gallery	0	1	-1	1.0
consequences	1	1	0	0.5
undeniable	1	0	1	1.0
upset	1	1	0	0.5
calvins	1	0	1	1.0
impression	1	2	-1	0.666666666667
bestillustrated	1	0	1	1.0
anyway	4	1	3	0.8
soldiers	2	7	-5	0.777777777778
based	6	4	2	0.6
tire	0	1	-1	1.0
miniseries	1	0	1	1.0
cameos	1	1	0	0.5
fuel	0	1	-1	1.0
achieve	5	0	5	1.0
slows	0	1	-1	1.0
overall	2	1	1	0.666666666667
120	1	0	1	1.0
joins	1	1	0	0.5
werent	2	0	2	1.0
kong	1	0	1	1.0
trucks	0	1	-1	1.0
numerous	3	0	3	1.0
dishing	0	1	-1	1.0
she	36	26	10	0.58064516129
contain	1	0	1	1.0
cuts	3	0	3	1.0
humans	0	1	-1	1.0
immigrant	0	1	-1	1.0
computer	1	5	-4	0.833333333333
desperate	2	1	1	0.666666666667
operated	0	1	-1	1.0
unionists	0	1	-1	1.0
tend	3	0	3	1.0
written	4	3	1	0.571428571429
supernatural	1	0	1	1.0
flicks	1	0	1	1.0
ken	0	1	-1	1.0
importance	1	0	1	1.0
rieckhoff	1	0	1	1.0
kicking	1	0	1	1.0
police	2	2	0	0.5
hits	0	2	-2	1.0
career	2	3	-1	0.6
antisocial	2	0	2	1.0
minds	4	2	2	0.666666666667
admit	4	2	2	0.666666666667
tutsi	0	1	-1	1.0
bathroomis	0	1	-1	1.0
spandex	0	1	-1	1.0
bronson	0	1	-1	1.0
franchise	1	0	1	1.0
missourians	1	0	1	1.0
quit	2	0	2	1.0
addition	1	1	0	0.5
allover	1	0	1	1.0
slowly	4	4	0	0.5
dwarfs	1	0	1	1.0
senses	1	2	-1	0.666666666667
controlled	1	0	1	1.0
kickers	0	1	-1	1.0
guerrillas	0	1	-1	1.0
kicks	1	0	1	1.0
smoking	0	1	-1	1.0
shameless	0	1	-1	1.0
novel	1	1	0	0.5
transfused	1	0	1	1.0
harder	1	0	1	1.0
chalk	0	1	-1	1.0
brainer	0	1	-1	1.0
examiner	1	0	1	1.0
fonda	1	0	1	1.0
surface	0	1	-1	1.0
capture	5	0	5	1.0
generic	0	1	-1	1.0
identities	0	1	-1	1.0
knowbr	0	1	-1	1.0
parts	1	2	-1	0.666666666667
underground	1	0	1	1.0
party	1	1	0	0.5
fanatics	1	0	1	1.0
unconventional	1	0	1	1.0
forgotten	1	0	1	1.0
effect	3	2	1	0.6
preteen	1	0	1	1.0
fierce	1	0	1	1.0
frequently	1	0	1	1.0
magician	0	1	-1	1.0
steals	1	0	1	1.0
destruction	3	0	3	1.0
skelton	2	0	2	1.0
ashley	2	0	2	1.0
reflection	0	1	-1	1.0
i	244	186	58	0.567441860465
obstacles	2	0	2	1.0
well	25	18	7	0.581395348837
anemic	0	1	-1	1.0
mixers	0	1	-1	1.0
vincent	0	1	-1	1.0
discord	1	0	1	1.0
increasingly	2	0	2	1.0
dose	0	1	-1	1.0
sources	0	1	-1	1.0
distant	1	0	1	1.0
advertised	0	1	-1	1.0
skill	0	1	-1	1.0
lauren	0	1	-1	1.0
magnolias	0	1	-1	1.0
milch	1	0	1	1.0
patricia	0	1	-1	1.0
hackman	0	2	-2	1.0
lured	0	1	-1	1.0
nato	0	1	-1	1.0
definitive	2	0	2	1.0
fate	1	0	1	1.0
immediately	2	1	1	0.666666666667
prominent	1	0	1	1.0
necessary	2	1	1	0.666666666667
lost	11	5	6	0.6875
fernando	2	0	2	1.0
candy	0	2	-2	1.0
gangsters	1	0	1	1.0
lose	3	0	3	1.0
setups	0	1	-1	1.0
page	1	0	1	1.0
adversity	0	1	-1	1.0
greenlit	0	1	-1	1.0
warmed	1	0	1	1.0
gillian	0	1	-1	1.0
wenders	1	0	1	1.0
belonged	0	1	-1	1.0
library	1	1	0	0.5
semblance	0	1	-1	1.0
shes	1	2	-1	0.666666666667
home	9	5	4	0.642857142857
peter	4	2	2	0.666666666667
heartache	1	0	1	1.0
demonstrates	1	0	1	1.0
appreciative	1	0	1	1.0
tadpole	1	0	1	1.0
adventuring	1	0	1	1.0
demonstrated	2	0	2	1.0
paramilitaries	0	1	-1	1.0
medieval	0	1	-1	1.0
ayone	1	0	1	1.0
usaf	0	1	-1	1.0
allrap	0	1	-1	1.0
recognized	1	0	1	1.0
filmbr	1	0	1	1.0
puppies	1	0	1	1.0
dub	1	0	1	1.0
stakes	1	0	1	1.0
readjusts	1	0	1	1.0
equally	1	1	0	0.5
ulees	1	0	1	1.0
political	2	1	1	0.666666666667
h1	1	0	1	1.0
washington	1	1	0	0.5
couldnt	1	2	-1	0.666666666667
strategy	1	0	1	1.0
doubtless	1	0	1	1.0
pc	1	0	1	1.0
daniels	1	0	1	1.0
protectors	1	0	1	1.0
figuratively	0	1	-1	1.0
invisibility	0	1	-1	1.0
notices	0	1	-1	1.0
recruited	1	0	1	1.0
north	2	2	0	0.5
gait	1	0	1	1.0
subjective	1	0	1	1.0
ear	0	2	-2	1.0
eat	3	1	2	0.75
he	95	58	37	0.62091503268
cells	0	1	-1	1.0
signed	0	2	-2	1.0
cruel	1	0	1	1.0
stories	4	2	2	0.666666666667
piece	2	3	-1	0.6
display	2	0	2	1.0
devise	0	1	-1	1.0
universal	1	0	1	1.0
penny	2	0	2	1.0
upsets	2	0	2	1.0
beats	1	0	1	1.0
functions	1	0	1	1.0
funiest	1	0	1	1.0
spellbinding	2	0	2	1.0
finch	1	0	1	1.0
misconceptions	1	0	1	1.0
star	8	5	3	0.615384615385
astounding	1	0	1	1.0
deangelis	1	0	1	1.0
stay	4	1	3	0.8
stan	0	1	-1	1.0
doggedly	1	0	1	1.0
friends	9	1	8	0.9
extras	1	0	1	1.0
determination	1	1	0	0.5
aided	0	1	-1	1.0
todays	1	0	1	1.0
similarity	0	1	-1	1.0
andre	2	0	2	1.0
asian	1	3	-2	0.75
perverted	1	0	1	1.0
consists	2	1	1	0.666666666667
captain	1	2	-1	0.666666666667
minuscule	1	0	1	1.0
whose	5	1	4	0.833333333333
gamut	1	0	1	1.0
buddy	0	3	-3	1.0
tremors	0	1	-1	1.0
presents	2	1	1	0.666666666667
lugosis	0	1	-1	1.0
kidman	0	1	-1	1.0
teaching	1	0	1	1.0
sorry	2	0	2	1.0
rescue	0	5	-5	1.0
void	0	1	-1	1.0
govern	1	0	1	1.0
overcomes	1	0	1	1.0
affect	2	0	2	1.0
courageous	1	1	0	0.5
vast	1	0	1	1.0
look	14	15	-1	0.51724137931
skills	1	1	0	0.5
carrie	0	1	-1	1.0
correct	1	0	1	1.0
unrelated	1	0	1	1.0
clothes	0	1	-1	1.0
force	2	1	1	0.666666666667
japanese	4	0	4	1.0
commandos	1	0	1	1.0
likely	1	1	0	0.5
tomassi	1	0	1	1.0
cesar	2	0	2	1.0
fixin	0	1	-1	1.0
even	22	26	-4	0.541666666667
wreck	1	0	1	1.0
menacingwithout	1	0	1	1.0
orchestra	1	0	1	1.0
asia	1	1	0	0.5
haze	1	0	1	1.0
new	16	3	13	0.842105263158
net	1	0	1	1.0
ever	18	10	8	0.642857142857
reviving	1	0	1	1.0
meg	0	1	-1	1.0
men	6	6	0	0.5
met	0	1	-1	1.0
active	1	0	1	1.0
flatley	0	3	-3	1.0
antisemitic	0	1	-1	1.0
rests	5	0	5	1.0
allstar	0	1	-1	1.0
taped	1	0	1	1.0
cindy	0	1	-1	1.0
permit	1	0	1	1.0
zombi	7	0	7	1.0
suitable	2	1	1	0.666666666667
intrigue	1	0	1	1.0
astute	1	0	1	1.0
eyebrows	1	0	1	1.0
digitally	1	0	1	1.0
objectively	0	1	-1	1.0
county	2	0	2	1.0
occupys	0	1	-1	1.0
ninety	1	0	1	1.0
moral	3	0	3	1.0
landscape	1	0	1	1.0
criminals	1	1	0	0.5
army	2	4	-2	0.666666666667
edward	2	0	2	1.0
call	2	3	-1	0.6
calm	1	0	1	1.0
survive	1	0	1	1.0
type	8	3	5	0.727272727273
tell	13	2	11	0.866666666667
calf	0	1	-1	1.0
pusser	5	4	1	0.555555555556
posting	1	0	1	1.0
oscar	2	0	2	1.0
expose	0	1	-1	1.0
wars	3	1	2	0.75
adult	1	3	-2	0.75
pocasni	1	0	1	1.0
inhabited	1	0	1	1.0
kumar	1	0	1	1.0
rook	2	0	2	1.0
room	5	4	1	0.555555555556
rights	2	0	2	1.0
awakening	0	1	-1	1.0
movies	21	13	8	0.617647058824
tagalog	1	0	1	1.0
guise	0	1	-1	1.0
benshi	1	0	1	1.0
give	10	5	5	0.666666666667
climax	1	1	0	0.5
laughs	4	1	3	0.8
foods	0	1	-1	1.0
cursory	0	1	-1	1.0
unforgettable	2	0	2	1.0
allens	1	0	1	1.0
kabul	0	1	-1	1.0
stupidity	0	1	-1	1.0
kilmer	0	2	-2	1.0
answer	2	2	0	0.5
disassemble	0	1	-1	1.0
thankyou	1	0	1	1.0
waterfront	1	0	1	1.0
president	0	1	-1	1.0
attempt	5	0	5	1.0
overtaken	1	0	1	1.0
goodbye	1	0	1	1.0
first	23	22	1	0.511111111111
o´briain	1	0	1	1.0
keyboard	1	1	0	0.5
captions	1	0	1	1.0
budding	2	1	1	0.666666666667
before	17	12	5	0.586206896552
personal	1	1	0	0.5
crew	4	3	1	0.571428571429
plantation	1	0	1	1.0
enlisted	1	1	0	0.5
weeks	1	2	-1	0.666666666667
overcome	2	1	1	0.666666666667
combination	1	0	1	1.0
9	2	1	1	0.666666666667
therapy	0	1	-1	1.0
downright	0	1	-1	1.0
grammar	0	1	-1	1.0
meat	0	1	-1	1.0
lorenz	0	2	-2	1.0
roast	1	0	1	1.0
went	5	2	3	0.714285714286
side	7	0	7	1.0
bone	1	0	1	1.0
mean	4	3	1	0.571428571429
calmly	0	1	-1	1.0
certifiably	0	2	-2	1.0
principles	0	1	-1	1.0
taught	1	1	0	0.5
forgot	0	1	-1	1.0
navy	11	6	5	0.647058823529
aids	1	0	1	1.0
extract	1	0	1	1.0
comedies	1	0	1	1.0
sahay	2	0	2	1.0
kier	0	1	-1	1.0
satans	2	0	2	1.0
videotape	2	0	2	1.0
surprise	1	3	-2	0.75
turning	1	1	0	0.5
revenge	2	4	-2	0.666666666667
graaff	1	0	1	1.0
cement	0	1	-1	1.0
242	0	2	-2	1.0
starts	4	9	-5	0.692307692308
messages	0	1	-1	1.0
stewart	5	0	5	1.0
wronged	0	1	-1	1.0
features	5	2	3	0.714285714286
toupee	1	0	1	1.0
hoot	1	0	1	1.0
hook	1	0	1	1.0
featured	1	0	1	1.0
disappearing	1	3	-2	0.75
struts	0	1	-1	1.0
girls	4	9	-5	0.692307692308
twisted	1	0	1	1.0
gandolfini	0	2	-2	1.0
hollywood	5	3	2	0.625
dramatized	1	0	1	1.0
godawful	1	0	1	1.0
somewhat	2	1	1	0.666666666667
requisite	1	0	1	1.0
shekhar	1	0	1	1.0
begins	2	3	-1	0.6
distance	1	1	0	0.5
anxiety	1	0	1	1.0
fairytale	0	1	-1	1.0
enabled	1	0	1	1.0
matter	7	1	6	0.875
street	1	1	0	0.5
silly	1	1	0	0.5
bidder	2	0	2	1.0
mini	1	0	1	1.0
sees	2	1	1	0.666666666667
modern	4	1	3	0.8
mind	11	2	9	0.846153846154
mine	6	0	6	1.0
ginger	0	2	-2	1.0
telly	1	0	1	1.0
seen	36	16	20	0.692307692308
seem	5	1	4	0.833333333333
mins	0	2	-2	1.0
tells	8	2	6	0.8
sharecroppers	1	0	1	1.0
fitting	1	0	1	1.0
chess	2	0	2	1.0
quarterback	0	2	-2	1.0
farenheight	0	1	-1	1.0
scoobydoo	0	1	-1	1.0
rowsdower	0	1	-1	1.0
treasonous	0	1	-1	1.0
don	2	2	0	0.5
medical	1	0	1	1.0
dog	1	1	0	0.5
points	3	3	0	0.5
parenthesis	1	0	1	1.0
annoyed	0	1	-1	1.0
lyrics	1	0	1	1.0
ending	6	7	-1	0.538461538462
chord	0	1	-1	1.0
finelytuned	1	0	1	1.0
plimtons	0	1	-1	1.0
marvelously	1	0	1	1.0
judges	1	0	1	1.0
explain	0	1	-1	1.0
horrormovie	1	0	1	1.0
sugar	1	1	0	0.5
stabbing	0	1	-1	1.0
integrate	1	0	1	1.0
wearing	0	2	-2	1.0
conduct	0	1	-1	1.0
stop	2	3	-1	0.6
coast	0	1	-1	1.0
cracks	0	1	-1	1.0
chronological	0	1	-1	1.0
bay	1	0	1	1.0
bag	0	1	-1	1.0
monumental	1	0	1	1.0
aldatakes	0	1	-1	1.0
earp	1	0	1	1.0
decides	3	3	0	0.5
fascinating	1	0	1	1.0
imitate	1	0	1	1.0
decided	2	2	0	0.5
hemolytic	1	0	1	1.0
hit	5	0	5	1.0
sinks	0	1	-1	1.0
voyage	0	1	-1	1.0
said	10	5	5	0.666666666667
05	1	0	1	1.0
artificial	1	0	1	1.0
wears	0	1	-1	1.0
vows	0	1	-1	1.0
obsessiveness	1	0	1	1.0
buford	2	0	2	1.0
vernon	0	1	-1	1.0
iceman	0	1	-1	1.0
virtuosity	1	0	1	1.0
cousin	1	2	-1	0.666666666667
bangkok	1	0	1	1.0
waterman	1	0	1	1.0
against	4	5	-1	0.555555555556
roedel	1	0	1	1.0
appeared	0	4	-4	1.0
height	0	1	-1	1.0
offerings	1	0	1	1.0
quinn	1	0	1	1.0
ether	1	0	1	1.0
proceeded	0	1	-1	1.0
asks	6	3	3	0.666666666667
basis	1	0	1	1.0
mythological	1	0	1	1.0
three	9	8	1	0.529411764706
maughms	0	1	-1	1.0
recognised	1	0	1	1.0
basic	1	0	1	1.0
entered	1	0	1	1.0
sunshine	0	2	-2	1.0
aviation	1	0	1	1.0
regretted	1	0	1	1.0
intead	0	1	-1	1.0
vendetta	0	1	-1	1.0
tastes	1	0	1	1.0
near	2	1	1	0.666666666667
neat	0	1	-1	1.0
murders	2	1	1	0.666666666667
employees	0	1	-1	1.0
chilling	2	0	2	1.0
seven	1	1	0	0.5
cane	1	0	1	1.0
krige	0	1	-1	1.0
is	323	188	135	0.632093933464
it	255	153	102	0.625
cant	9	10	-1	0.526315789474
im	16	16	0	0.5
cans	0	1	-1	1.0
in	348	191	157	0.645640074212
seattle	1	0	1	1.0
mouse	1	0	1	1.0
id	0	2	-2	1.0
disappear	1	0	1	1.0
if	45	41	4	0.523255813953
grown	1	0	1	1.0
make	19	13	6	0.59375
surpring	1	0	1	1.0
ratingdaghang	1	0	1	1.0
unrated	0	1	-1	1.0
grows	0	1	-1	1.0
meets	2	1	1	0.666666666667
condemnation	0	1	-1	1.0
differing	1	0	1	1.0
kim	1	0	1	1.0
kia	0	1	-1	1.0
opportunity	0	2	-2	1.0
thoughts	1	1	0	0.5
kid	1	2	-1	0.666666666667
butter	1	0	1	1.0
kueifei	1	0	1	1.0
romp	0	1	-1	1.0
programs	0	1	-1	1.0
youre	2	3	-1	0.6
romy	1	0	1	1.0
rome	1	0	1	1.0
claims	1	3	-2	0.75
left	4	4	0	0.5
consciousness	1	0	1	1.0
seventieseighties	1	0	1	1.0
crewed	0	1	-1	1.0
human	8	2	6	0.8
facts	3	1	2	0.75
yes	1	5	-4	0.833333333333
yet	8	6	2	0.571428571429
candidate	0	1	-1	1.0
character	23	6	17	0.793103448276
salamat	1	0	1	1.0
save	2	2	0	0.5
designate	1	0	1	1.0
egan	0	2	-2	1.0
background	1	0	1	1.0
destroy	1	0	1	1.0
spielbergs	1	0	1	1.0
depicts	1	0	1	1.0
dreams	1	0	1	1.0
shoulder	1	0	1	1.0
giancaspro	0	1	-1	1.0
nude	0	1	-1	1.0
zombies	4	3	1	0.571428571429
www	0	1	-1	1.0
dean	3	1	2	0.75
deal	1	2	-1	0.666666666667
somehow	2	1	1	0.666666666667
dead	3	8	-5	0.727272727273
dear	0	1	-1	1.0
[and	0	1	-1	1.0
theatrical	1	0	1	1.0
track	2	2	0	0.5
dispelled	1	0	1	1.0
novelties	0	1	-1	1.0
lorre	1	0	1	1.0
translated	2	0	2	1.0
mid50s	1	0	1	1.0
protagonist	2	1	1	0.666666666667
burr	1	0	1	1.0
super	0	1	-1	1.0
empowerment	1	0	1	1.0
magazine	0	2	-2	1.0
afternoon	0	1	-1	1.0
automatically	1	0	1	1.0
farrell	1	1	0	0.5
whats	1	2	-1	0.666666666667
electrocuting	0	1	-1	1.0
chooses	0	1	-1	1.0
down	15	10	5	0.6
lies	2	1	1	0.666666666667
narration	1	0	1	1.0
annoyance	0	2	-2	1.0
amazingly	1	0	1	1.0
initial	1	1	0	0.5
winters	2	0	2	1.0
editor	1	0	1	1.0
factions	0	1	-1	1.0
faring	1	0	1	1.0
form	5	2	3	0.714285714286
evinces	1	0	1	1.0
sickest	0	1	-1	1.0
landing	0	3	-3	1.0
pierre	2	0	2	1.0
failure	1	0	1	1.0
granger	1	0	1	1.0
hoosier	0	1	-1	1.0
protestant	1	0	1	1.0
staged	1	2	-1	0.666666666667
horrifying	3	0	3	1.0
propaganda	1	1	0	0.5
bogart	0	1	-1	1.0
ship	2	2	0	0.5
semisubmerged	0	1	-1	1.0
generally	0	1	-1	1.0
garland	2	0	2	1.0
savage	1	0	1	1.0
dies	2	0	2	1.0
felt	2	0	2	1.0
trepidation	1	0	1	1.0
journey	1	0	1	1.0
weekend	0	1	-1	1.0
russo	0	1	-1	1.0
died	3	1	2	0.75
writerdirector	1	0	1	1.0
jones	2	1	1	0.666666666667
happening	4	0	4	1.0
assume	1	0	1	1.0
jacket	1	1	0	0.5
teeth	0	2	-2	1.0
shop	1	1	0	0.5
managed	1	0	1	1.0
kruschen	1	0	1	1.0
skip	0	1	-1	1.0
fabrazio	1	0	1	1.0
maiming	0	1	-1	1.0
souls	2	0	2	1.0
mild	1	2	-1	0.666666666667
manages	1	3	-2	0.75
skin	1	3	-2	0.75
milk	1	0	1	1.0
suicide	5	3	2	0.625
fancies	1	0	1	1.0
outdated	0	1	-1	1.0
father	10	5	5	0.666666666667
disgusting	0	1	-1	1.0
0	0	1	-1	1.0
finally	5	3	2	0.625
petersburg	0	1	-1	1.0
shoot	1	1	0	0.5
string	0	1	-1	1.0
penniless	0	1	-1	1.0
tends	1	0	1	1.0
1992	1	0	1	1.0
millenia	1	0	1	1.0
stereotypepredicable	0	1	-1	1.0
1994	0	1	-1	1.0
did	25	25	0	0.5
die	3	0	3	1.0
dig	0	1	-1	1.0
keepers	1	0	1	1.0
travels	6	0	6	1.0
item	1	0	1	1.0
therapist	0	1	-1	1.0
round	0	3	-3	1.0
olympic	0	1	-1	1.0
unexpected	1	0	1	1.0
eating	1	3	-2	0.75
majors	0	1	-1	1.0
resurgence	1	0	1	1.0
adds	2	0	2	1.0
heres	3	0	3	1.0
drunkard	0	1	-1	1.0
filled	3	1	2	0.75
seahunt	2	0	2	1.0
makeup	0	1	-1	1.0
french	9	4	5	0.692307692308
deceit	1	0	1	1.0
wait	3	3	0	0.5
box	1	0	1	1.0
boy	9	7	2	0.5625
canadian	1	2	-1	0.666666666667
bratty	0	1	-1	1.0
shift	1	0	1	1.0
exploitation	1	2	-1	0.666666666667
convoys	1	0	1	1.0
diagnosed	1	0	1	1.0
bog	1	0	1	1.0
breathtaking	1	0	1	1.0
useful	1	1	0	0.5
merely	1	1	0	0.5
ailing	0	1	-1	1.0
sympathetic	1	1	0	0.5
troops	3	0	3	1.0
pere	1	0	1	1.0
sake	0	1	-1	1.0
france	4	1	3	0.8
insider	1	0	1	1.0
pert	0	1	-1	1.0
effort	1	2	-1	0.666666666667
fly	1	0	1	1.0
soul	2	0	2	1.0
reviews	1	0	1	1.0
brashear	3	0	3	1.0
growing	2	0	2	1.0
making	3	7	-4	0.7
nearest	1	0	1	1.0
crazy	2	4	-2	0.666666666667
kenneth	1	0	1	1.0
winston	0	1	-1	1.0
confused	4	0	4	1.0
attemptsthis	1	0	1	1.0
dennis	1	0	1	1.0
till	3	0	3	1.0
sunday	4	1	3	0.8
pure	0	1	-1	1.0
wordofmouth	1	0	1	1.0
staying	0	1	-1	1.0
may	11	12	-1	0.521739130435
max	1	0	1	1.0
twentysomething	1	0	1	1.0
mad	1	1	0	0.5
guys	5	3	2	0.625
man	21	24	-3	0.533333333333
neck	0	1	-1	1.0
johnson	0	2	-2	1.0
maybe	12	10	2	0.545454545455
plotis	0	1	-1	1.0
misogynists	1	0	1	1.0
tale	1	1	0	0.5
pickett	0	1	-1	1.0
jail	0	1	-1	1.0
unleash	1	0	1	1.0
talk	1	2	-1	0.666666666667
serge	0	1	-1	1.0
cute	2	1	1	0.666666666667
shaky	1	0	1	1.0
denial	0	1	-1	1.0
pitch	0	1	-1	1.0
hardtobelieve	1	0	1	1.0
group	6	2	4	0.75
thank	5	0	5	1.0
matinée	0	1	-1	1.0
malechauvinist	1	0	1	1.0
main	5	7	-2	0.583333333333
texas	0	2	-2	1.0
views	3	0	3	1.0
killer	5	4	1	0.555555555556
sarcastic	1	0	1	1.0
lunch	1	0	1	1.0
killed	6	5	1	0.545454545455
magellan33	1	0	1	1.0
adamdanny	0	1	-1	1.0
logans	0	1	-1	1.0
rock	2	1	1	0.666666666667
colleagues	0	1	-1	1.0
agin	0	1	-1	1.0
elephants	1	0	1	1.0
lycra	0	1	-1	1.0
conventions	1	0	1	1.0
fingertips	1	0	1	1.0
girl	13	8	5	0.619047619048
living	7	2	5	0.777777777778
operates	1	0	1	1.0
pamela	1	0	1	1.0
ymca	2	0	2	1.0
dutch	0	1	-1	1.0
insecure	1	0	1	1.0
earlier	1	2	-1	0.666666666667
monster	0	2	-2	1.0
gouge	0	1	-1	1.0
spies	1	0	1	1.0
oro	1	0	1	1.0
california	1	0	1	1.0
stanwyck	1	0	1	1.0
advance	1	0	1	1.0
madchen	0	1	-1	1.0
language	3	5	-2	0.625
ministry	1	0	1	1.0
trackersjourneymen	5	0	5	1.0
thing	16	10	6	0.615384615385
jumping	1	0	1	1.0
liveaction	0	1	-1	1.0
think	35	22	13	0.614035087719
macon	1	0	1	1.0
cheese	2	1	1	0.666666666667
fleeing	1	0	1	1.0
americans	1	1	0	0.5
long	5	1	4	0.833333333333
sounds	2	2	0	0.5
cris	0	1	-1	1.0
little	16	15	1	0.516129032258
flatiron	1	0	1	1.0
anyone	9	3	6	0.75
probibly	1	0	1	1.0
escort	0	1	-1	1.0
speaking	2	2	0	0.5
coburn	0	1	-1	1.0
eyes	2	3	-1	0.6
eponymous	1	0	1	1.0
inefficient	0	1	-1	1.0
moscow	0	1	-1	1.0
continuous	0	1	-1	1.0
accurately	1	0	1	1.0
broadcast	3	0	3	1.0
11	2	2	0	0.5
10	10	7	3	0.588235294118
13	0	1	-1	1.0
12	1	2	-1	0.666666666667
15	0	1	-1	1.0
18	1	0	1	1.0
victorian	1	0	1	1.0
were	33	19	14	0.634615384615
gigantic	0	1	-1	1.0
sean	1	1	0	0.5
mountains	2	2	0	0.5
marijuana	2	0	2	1.0
voices	1	0	1	1.0
narrator	2	0	2	1.0
comedian	1	0	1	1.0
nazi	1	0	1	1.0
kevin	1	1	0	0.5
speakers	1	0	1	1.0
allison	4	0	4	1.0
efficient	1	0	1	1.0
answering	0	1	-1	1.0
shocked	3	0	3	1.0
potential	2	0	2	1.0
performance	5	6	-1	0.545454545455
channel	0	1	-1	1.0
ultimate	1	0	1	1.0
theatre	3	0	3	1.0
normal	3	1	2	0.75
arguing	1	0	1	1.0
paid	0	2	-2	1.0
assault	0	2	-2	1.0
nolan	1	0	1	1.0
beth	0	2	-2	1.0
hardships	0	1	-1	1.0
especially	7	0	7	1.0
surprising	2	0	2	1.0
angst	0	1	-1	1.0
larry	0	1	-1	1.0
harvey	0	1	-1	1.0
precise	0	1	-1	1.0
rating	7	1	6	0.875
shot	3	3	0	0.5
show	13	18	-5	0.58064516129
contemporary	1	0	1	1.0
bedside	1	0	1	1.0
corner	1	0	1	1.0
reel	1	0	1	1.0
dick	0	1	-1	1.0
enough	4	10	-6	0.714285714286
black	11	9	2	0.55
travesty	0	1	-1	1.0
fiendish	0	1	-1	1.0
get	19	17	2	0.527777777778
killers	3	1	2	0.75
nearly	2	1	1	0.666666666667
hotshot	0	1	-1	1.0
businesswoman	0	1	-1	1.0
communicates	1	0	1	1.0
slaughters	1	0	1	1.0
yield	0	1	-1	1.0
morning	3	0	3	1.0
finishing	0	1	-1	1.0
branagh	1	0	1	1.0
honesty	0	1	-1	1.0
starlet	1	0	1	1.0
declares	1	0	1	1.0
wonder	1	5	-4	0.833333333333
gags	1	0	1	1.0
behind	4	5	-1	0.555555555556
diamonds	1	0	1	1.0
chews	0	1	-1	1.0
reading	4	2	2	0.666666666667
across	4	3	1	0.571428571429
satiate	1	0	1	1.0
august	1	0	1	1.0
parent	0	1	-1	1.0
jr	2	1	1	0.666666666667
killing	2	2	0	0.5
tub	1	0	1	1.0
jg	1	0	1	1.0
stinker	0	1	-1	1.0
according	2	1	1	0.666666666667
marked	0	1	-1	1.0
dated	2	0	2	1.0
remake	1	0	1	1.0
among	1	0	1	1.0
innovations	1	0	1	1.0
maintained	1	0	1	1.0
kimmell	0	1	-1	1.0
driscolls	1	0	1	1.0
englebert	1	0	1	1.0
arts	2	2	0	0.5
underworld	1	0	1	1.0
capable	1	0	1	1.0
gooding	1	0	1	1.0
mark	1	1	0	0.5
acre	1	0	1	1.0
spiritsnothing	0	1	-1	1.0
mary	0	4	-4	1.0
votrian	0	1	-1	1.0
educated	0	1	-1	1.0
graveyard	0	1	-1	1.0
offered	2	0	2	1.0
dramatic	1	2	-1	0.666666666667
wake	2	0	2	1.0
desenex	0	1	-1	1.0
those	17	16	1	0.515151515152
sound	2	5	-3	0.714285714286
stacked	0	1	-1	1.0
novello	0	1	-1	1.0
promising	0	1	-1	1.0
cancelled	1	0	1	1.0
antony	0	1	-1	1.0
conferences	1	0	1	1.0
eventually	5	0	5	1.0
marcel	1	0	1	1.0
againnever	0	1	-1	1.0
middle	3	2	1	0.6
purportedly	1	0	1	1.0
obnoxious	0	1	-1	1.0
everyday	2	0	2	1.0
movements	0	1	-1	1.0
different	14	8	6	0.636363636364
firststrike	0	1	-1	1.0
pay	0	1	-1	1.0
tour	0	1	-1	1.0
same	16	6	10	0.727272727273
speech	0	1	-1	1.0
1900s	1	0	1	1.0
oil	4	0	4	1.0
httpwww	1	0	1	1.0
companion	1	0	1	1.0
running	3	3	0	0.5
driven	0	1	-1	1.0
totally	3	2	1	0.6
largely	2	0	2	1.0
onedimensional	0	1	-1	1.0
roughly	0	1	-1	1.0
solve	2	2	0	0.5
parody	5	0	5	1.0
money	1	4	-3	0.8
aspect	2	0	2	1.0
gigilike	1	0	1	1.0
flavor	1	0	1	1.0
smarmylooking	0	1	-1	1.0
pile	1	2	-1	0.666666666667
4	0	1	-1	1.0
maugham	0	1	-1	1.0
grip	0	1	-1	1.0
jake	2	0	2	1.0
mom	4	5	-1	0.555555555556
mob	1	0	1	1.0
aiming	1	0	1	1.0
grin	0	1	-1	1.0
christina	0	1	-1	1.0
medellin	0	1	-1	1.0
lightning	1	0	1	1.0
ballstothewall	0	1	-1	1.0
audience	8	2	6	0.8
either	5	1	4	0.833333333333
served	2	1	1	0.666666666667
passionate	1	0	1	1.0
cabo	1	1	0	0.5
witchcraft	1	0	1	1.0
alternately	0	1	-1	1.0
images	8	2	6	0.8
lunar	0	1	-1	1.0
margolin	0	1	-1	1.0
seconds	0	4	-4	1.0
dali	1	0	1	1.0
unusual	4	0	4	1.0
broken	1	1	0	0.5
despicable	0	2	-2	1.0
heflin	3	0	3	1.0
roaming	0	1	-1	1.0
refers	1	0	1	1.0
stations	0	2	-2	1.0
island	2	3	-1	0.6
violence	2	3	-1	0.6
meaning	2	2	0	0.5
mixes	1	0	1	1.0
demonic	0	2	-2	1.0
youve	4	1	3	0.8
threesome	0	2	-2	1.0
road	1	1	0	0.5
imitated	1	0	1	1.0
purported	1	0	1	1.0
spreading	1	0	1	1.0
unnerved	0	1	-1	1.0
references	1	0	1	1.0
dreaming	1	0	1	1.0
panaghoy	2	0	2	1.0
breath	1	0	1	1.0
downed	1	0	1	1.0
vh1	1	0	1	1.0
lions	1	2	-1	0.666666666667
pretends	0	1	-1	1.0
showerman	1	0	1	1.0
judging	1	0	1	1.0
gore	4	6	-2	0.6
arranged	2	0	2	1.0
romantic	6	0	6	1.0
drills	0	1	-1	1.0
vhs	2	0	2	1.0
wastrel	1	0	1	1.0
videos	1	0	1	1.0
deer	0	3	-3	1.0
deep	4	0	4	1.0
general	0	2	-2	1.0
imagination	3	0	3	1.0
gumby	1	0	1	1.0
girlfriend	1	4	-3	0.8
lifetime	1	1	0	0.5
goebbels	3	1	2	0.75
film	167	73	94	0.695833333333
again	13	7	6	0.65
izzard	1	0	1	1.0
retiring	0	2	-2	1.0
turmoils	1	0	1	1.0
drivers	0	1	-1	1.0
field	1	2	-1	0.666666666667
stilted	1	0	1	1.0
shelter	1	0	1	1.0
packaging	0	1	-1	1.0
important	1	1	0	0.5
chris	2	0	2	1.0
decorated	1	0	1	1.0
prudent	0	1	-1	1.0
remote	0	3	-3	1.0
buffalo	4	0	4	1.0
collegiate	0	1	-1	1.0
excretion	0	1	-1	1.0
u	1	4	-3	0.8
resembles	2	0	2	1.0
resolution	0	1	-1	1.0
represent	1	0	1	1.0
forget	7	3	4	0.7
dollar	1	3	-2	0.75
founded	1	1	0	0.5
talks	0	2	-2	1.0
sacrilage	0	1	-1	1.0
liam	0	2	-2	1.0
children	2	7	-5	0.777777777778
carnys	0	1	-1	1.0
rwanda	0	1	-1	1.0
crimson	0	1	-1	1.0
enjoying	1	0	1	1.0
hideous	0	1	-1	1.0
straightforward	1	0	1	1.0
sitting	4	1	3	0.8
plausibility	0	1	-1	1.0
fall	2	0	2	1.0
musseum	1	0	1	1.0
difference	3	1	2	0.75
steve	1	0	1	1.0
oneal	0	1	-1	1.0
mothers	1	1	0	0.5
exploitive	1	0	1	1.0
titled	1	0	1	1.0
ditto	1	0	1	1.0
grabs	0	1	-1	1.0
go	24	13	11	0.648648648649
zero	1	0	1	1.0
perception	1	0	1	1.0
perspective	1	0	1	1.0
lawyer	1	1	0	0.5
further	2	0	2	1.0
creatures	1	2	-1	0.666666666667
abc	1	0	1	1.0
nicelooking	1	0	1	1.0
tribute	1	0	1	1.0
public	1	1	0	0.5
movement	2	0	2	1.0
operating	0	1	-1	1.0
mid1910s	1	0	1	1.0
commercially	1	0	1	1.0
table	1	1	0	0.5
search	1	1	0	0.5
misery	1	0	1	1.0
mentions	0	1	-1	1.0
narrow	1	2	-1	0.666666666667
quotient	1	0	1	1.0
whimsical	1	0	1	1.0
modernday	1	0	1	1.0
barker	0	1	-1	1.0
promuslimization	0	1	-1	1.0
busey	0	1	-1	1.0
establish	1	0	1	1.0
eye	3	5	-2	0.625
levine	0	1	-1	1.0
two	23	23	0	0.5
comparing	2	0	2	1.0
mankind	1	0	1	1.0
yolande	2	0	2	1.0
leonard	0	2	-2	1.0
controlling	1	0	1	1.0
dubious	1	0	1	1.0
particular	1	0	1	1.0
town	8	6	2	0.571428571429
none	0	2	-2	1.0
hour	0	5	-5	1.0
recall	3	0	3	1.0
der	1	0	1	1.0
sucks	0	1	-1	1.0
meeker	0	2	-2	1.0
lingered	2	0	2	1.0
ford	2	0	2	1.0
bravely	0	1	-1	1.0
share	2	2	0	0.5
attain	1	0	1	1.0
robinson	5	1	4	0.833333333333
needs	6	1	5	0.857142857143
awkward	0	1	-1	1.0
acts	1	2	-1	0.666666666667
ryu	3	0	3	1.0
ensemble	1	0	1	1.0
raunch	1	0	1	1.0
par	1	1	0	0.5
tangere	1	0	1	1.0
blood	7	4	3	0.636363636364
coming	5	4	1	0.555555555556
response	2	2	0	0.5
scaryt	0	1	-1	1.0
hypnotized	1	0	1	1.0
doctor	0	5	-5	1.0
eats	3	0	3	1.0
blunder	1	0	1	1.0
deserted	2	0	2	1.0
coal	1	0	1	1.0
responsibility	2	2	0	0.5
playing	0	3	-3	1.0
setback	2	0	2	1.0
industrial	1	0	1	1.0
through	12	10	2	0.545454545455
existence	5	0	5	1.0
25	3	0	3	1.0
26	2	0	2	1.0
comedic	2	0	2	1.0
20	0	4	-4	1.0
22	1	1	0	0.5
23	1	0	1	1.0
pcs	0	1	-1	1.0
late	3	1	2	0.75
cowrote	0	1	-1	1.0
upping	1	0	1	1.0
goof	1	0	1	1.0
someone	4	5	-1	0.555555555556
seeking	2	0	2	1.0
inception	0	1	-1	1.0
viewers	1	1	0	0.5
mystery	0	2	-2	1.0
easily	7	0	7	1.0
robbie	1	0	1	1.0
suprise	0	1	-1	1.0
drake	2	2	0	0.5
2d	1	0	1	1.0
exiled	1	0	1	1.0
repeating	2	1	1	0.666666666667
harm	1	0	1	1.0
everyone	6	4	2	0.6
mental	2	0	2	1.0
house	3	8	-5	0.727272727273
fish	1	0	1	1.0
hard	5	5	0	0.5
idea	7	3	4	0.7
hara	0	2	-2	1.0
insurance	0	1	-1	1.0
perry	0	1	-1	1.0
trooper	1	0	1	1.0
participants	1	2	-1	0.666666666667
avenge	0	1	-1	1.0
tiresome	0	3	-3	1.0
nosferatu	1	0	1	1.0
bully	1	0	1	1.0
pathetic	0	2	-2	1.0
circumstance	2	0	2	1.0
pleasant	3	2	1	0.6
difficulty	1	0	1	1.0
giveaway	0	1	-1	1.0
members	4	1	3	0.8
beginning	7	2	5	0.777777777778
benefits	1	0	1	1.0
blossoming	1	0	1	1.0
sitcom	0	1	-1	1.0
blier	1	0	1	1.0
pilots	0	1	-1	1.0
embraces	1	0	1	1.0
dont	17	34	-17	0.666666666667
valentine	0	1	-1	1.0
done	9	5	4	0.642857142857
elba	0	1	-1	1.0
least	9	7	2	0.5625
paint	0	1	-1	1.0
statement	2	0	2	1.0
rates	1	0	1	1.0
needle	1	0	1	1.0
mentality	2	0	2	1.0
part	11	7	4	0.611111111111
believe	8	7	1	0.533333333333
ryus	1	0	1	1.0
b	1	4	-3	0.8
gotten	2	0	2	1.0
youth	1	3	-2	0.75
contrary	1	0	1	1.0
supposed	10	8	2	0.555555555556
treated	2	1	1	0.666666666667
bartley	1	0	1	1.0
ages	2	0	2	1.0
pornography	0	1	-1	1.0
aged	0	1	-1	1.0
orders	1	2	-1	0.666666666667
lilja	1	0	1	1.0
dancing	1	0	1	1.0
majority	1	0	1	1.0
pathe	0	1	-1	1.0
commentary	1	0	1	1.0
province	5	0	5	1.0
flute	0	2	-2	1.0
most	22	12	10	0.647058823529
charm	1	0	1	1.0
extremely	3	0	3	1.0
kiddies	1	0	1	1.0
hubby	0	1	-1	1.0
focussing	1	0	1	1.0
storyline	2	0	2	1.0
thomas	0	2	-2	1.0
particularly	0	2	-2	1.0
hopper	1	0	1	1.0
fink	1	0	1	1.0
mccarthyism	0	1	-1	1.0
fine	4	2	2	0.666666666667
find	16	9	7	0.64
dividing	1	0	1	1.0
sadomasochistic	0	1	-1	1.0
distributed	1	0	1	1.0
ebert	1	0	1	1.0
unhappy	0	1	-1	1.0
dysfunctional	0	1	-1	1.0
8	3	0	3	1.0
weve	3	1	2	0.75
luke	1	0	1	1.0
frankly	1	0	1	1.0
common	2	0	2	1.0
doubleentendres	0	1	-1	1.0
cynical	0	1	-1	1.0
devils	4	1	3	0.8
tender	0	1	-1	1.0
pseudooccult	0	1	-1	1.0
expert	3	3	0	0.5
please	3	4	-1	0.571428571429
fans	2	3	-1	0.6
burned	1	0	1	1.0
environmentalists	1	0	1	1.0
barrack	0	1	-1	1.0
aircraft	0	1	-1	1.0
premise	1	1	0	0.5
marilyn	1	1	0	0.5
solely	1	0	1	1.0
alos	1	0	1	1.0
shekhars	1	0	1	1.0
alot	2	0	2	1.0
afar	0	1	-1	1.0
subpar	1	1	0	0.5
point	15	13	2	0.535714285714
simple	2	1	1	0.666666666667
dancer	0	1	-1	1.0
simply	3	3	0	0.5
esophagus	0	1	-1	1.0
throughout	0	4	-4	1.0
excop	0	1	-1	1.0
mikes	1	1	0	0.5
create	0	2	-2	1.0
underage	0	1	-1	1.0
creativity	1	0	1	1.0
screened	1	0	1	1.0
secret	1	4	-3	0.8
amnesia	0	1	-1	1.0
ireland	3	0	3	1.0
meeting	2	0	2	1.0
wish	1	3	-2	0.75
gaz	1	0	1	1.0
gay	1	1	0	0.5
gas	1	2	-1	0.666666666667
gar	1	0	1	1.0
unbleepingbelievable	0	1	-1	1.0
gal	0	1	-1	1.0
understand	6	3	3	0.666666666667
realms	1	0	1	1.0
gag	1	0	1	1.0
resisted	1	0	1	1.0
pierce	0	1	-1	1.0
talking	6	10	-4	0.625
solid	1	2	-1	0.666666666667
bill	0	2	-2	1.0
bronte	3	0	3	1.0
replaced	1	0	1	1.0
debased	1	0	1	1.0
century	0	1	-1	1.0
violently	1	0	1	1.0
encountered	0	1	-1	1.0
itself	7	3	4	0.7
monroe	1	0	1	1.0
italy	1	0	1	1.0
headless	1	0	1	1.0
muscle	0	1	-1	1.0
ray	1	2	-1	0.666666666667
development	3	0	3	1.0
assignment	0	1	-1	1.0
husbands	0	2	-2	1.0
moment	4	5	-1	0.555555555556
purpose	1	1	0	0.5
koch	0	1	-1	1.0
nonrelated	0	4	-4	1.0
task	1	1	0	0.5
noli	1	0	1	1.0
werewolf	0	1	-1	1.0
spent	0	2	-2	1.0
howe	1	0	1	1.0
entry	1	0	1	1.0
weissmuller	1	0	1	1.0
profoundly	2	0	2	1.0
shape	1	0	1	1.0
alternative	1	0	1	1.0
letting	0	1	-1	1.0
cut	3	0	3	1.0
cup	0	3	-3	1.0
hated	0	1	-1	1.0
source	2	1	1	0.666666666667
deliberately	0	1	-1	1.0
moe	0	1	-1	1.0
excited	1	0	1	1.0
hater	0	1	-1	1.0
bin	0	1	-1	1.0
gaylord	0	1	-1	1.0
big	10	13	-3	0.565217391304
saluted	1	0	1	1.0
matters	1	0	1	1.0
bit	9	5	4	0.642857142857
bubbas	0	1	-1	1.0
tonalities	1	0	1	1.0
follows	1	0	1	1.0
borrows	0	1	-1	1.0
gardening	0	1	-1	1.0
often	5	1	4	0.833333333333
absolutely	1	2	-1	0.666666666667
back	21	11	10	0.65625
extremist	1	0	1	1.0
martial	2	2	0	0.5
examples	0	1	-1	1.0
mirror	1	2	-1	0.666666666667
ourselves	1	0	1	1.0
kirshner	0	1	-1	1.0
pronounced	0	1	-1	1.0
scale	0	1	-1	1.0
culprit	0	1	-1	1.0
pet	3	0	3	1.0
decision	0	1	-1	1.0
per	0	1	-1	1.0
lara	1	0	1	1.0
verbally	0	1	-1	1.0
commentator	1	0	1	1.0
patient	0	1	-1	1.0
remembered	2	2	0	0.5
use	7	5	2	0.583333333333
hostages	0	1	-1	1.0
metaphor	1	0	1	1.0
braille	0	1	-1	1.0
&	5	0	5	1.0
drama	5	1	4	0.833333333333
pediatrician	0	1	-1	1.0
70year	1	0	1	1.0
consequently	0	1	-1	1.0
jimmy	3	1	2	0.75
aliens	0	2	-2	1.0
invading	1	0	1	1.0
lesson	1	1	0	0.5
downhill	1	0	1	1.0
doll	0	2	-2	1.0
pronunciation	0	1	-1	1.0
grave	1	1	0	0.5
forward	0	1	-1	1.0
scariest	0	1	-1	1.0
bored	0	4	-4	1.0
opponent	1	0	1	1.0
boyd	0	1	-1	1.0
byrne	0	1	-1	1.0
murphy	0	2	-2	1.0
boys	3	2	1	0.6
hopes	0	1	-1	1.0
groovy	0	1	-1	1.0
planet	3	0	3	1.0
aversion	0	1	-1	1.0
sort	4	1	3	0.8
devastating	1	0	1	1.0
constant	2	0	2	1.0
expedition	2	0	2	1.0
metal	1	0	1	1.0
single	2	0	2	1.0
epiphanal	1	0	1	1.0
cafe	2	0	2	1.0
humanities	1	0	1	1.0
adoring	1	0	1	1.0
explaining	0	1	-1	1.0
lena	1	0	1	1.0
accidental	0	1	-1	1.0
liners	1	0	1	1.0
prepared	3	0	3	1.0
fisher	0	1	-1	1.0
schmeeze	4	0	4	1.0
neednt	1	0	1	1.0
desert	5	2	3	0.714285714286
boyfriends	1	0	1	1.0
allpresent	1	0	1	1.0
admiring	1	0	1	1.0
2002	1	0	1	1.0
cooked	1	0	1	1.0
implied	1	0	1	1.0
2006	1	0	1	1.0
2007	1	0	1	1.0
2004	1	1	0	0.5
decidedly	0	1	-1	1.0
portraying	1	0	1	1.0
hint	1	0	1	1.0
ofbr	1	0	1	1.0
peanut	1	0	1	1.0
helps	1	1	0	0.5
fatal	0	2	-2	1.0
random	1	1	0	0.5
assay	1	0	1	1.0
surgeon	0	2	-2	1.0
entire	2	3	-1	0.6
respectful	1	0	1	1.0
shock	0	2	-2	1.0
anachronistic	1	0	1	1.0
villians	2	0	2	1.0
havent	5	1	4	0.833333333333
clive	0	1	-1	1.0
uncomfortable	1	2	-1	0.666666666667
crimelife	1	0	1	1.0
chicago	1	0	1	1.0
giving	2	2	0	0.5
anthem	0	1	-1	1.0
access	0	2	-2	1.0
exercise	1	1	0	0.5
3d	0	5	-5	1.0
body	2	8	-6	0.8
florrette	1	0	1	1.0
exchange	0	1	-1	1.0
others	8	5	3	0.615384615385
safer	1	0	1	1.0
extreme	1	1	0	0.5
talent	0	2	-2	1.0
stalks	1	0	1	1.0
30	1	2	-1	0.666666666667
kvell	1	0	1	1.0
later	9	7	2	0.5625
named	0	1	-1	1.0
breakumentarions	1	0	1	1.0
spoton	1	0	1	1.0
private	1	1	0	0.5
names	2	2	0	0.5
manns	1	0	1	1.0
gateway	2	0	2	1.0
seamless	1	0	1	1.0
fdny	2	0	2	1.0
themselves	5	4	1	0.555555555556
harrowing	0	1	-1	1.0
prized	1	0	1	1.0
reissuer	1	0	1	1.0
trait	1	0	1	1.0
trail	0	1	-1	1.0
train	5	0	5	1.0
nypd	3	0	3	1.0
hints	0	2	-2	1.0
farwell	0	1	-1	1.0
account	1	0	1	1.0
f	0	1	-1	1.0
tunnel	0	1	-1	1.0
unreal	1	0	1	1.0
didnt	10	8	2	0.555555555556
uberrare	1	0	1	1.0
effectively	3	1	2	0.75
native	3	0	3	1.0
noises	1	1	0	0.5
holds	1	0	1	1.0
varies	1	0	1	1.0
winners	1	0	1	1.0
attachment	1	0	1	1.0
stock	0	1	-1	1.0
purrrrrrrrrrrrrrrrbr	0	1	-1	1.0
buildings	1	0	1	1.0
waters	3	0	3	1.0
masterpieces	0	1	-1	1.0
leukemia	2	0	2	1.0
collection	3	1	2	0.75
bothered	1	0	1	1.0
ambiguous	1	0	1	1.0
chasing	1	0	1	1.0
guru	0	1	-1	1.0
lines	5	0	5	1.0
chief	1	0	1	1.0
laurie	0	1	-1	1.0
fallback	1	0	1	1.0
mustache	0	1	-1	1.0
zues	0	1	-1	1.0
donlan	3	0	3	1.0
despite	8	1	7	0.888888888889
hadley	0	2	-2	1.0
frying	1	0	1	1.0
austrian	1	0	1	1.0
bunch	2	2	0	0.5
bridget	0	1	-1	1.0
la	1	2	-1	0.666666666667
taboos	1	0	1	1.0
winning	2	0	2	1.0
heroism	1	0	1	1.0
willing	1	0	1	1.0
criminal	3	0	3	1.0
machinations	1	0	1	1.0
dad	3	0	3	1.0
lunatic	0	1	-1	1.0
dan	1	0	1	1.0
spell	1	0	1	1.0
mention	1	1	0	0.5
reinvents	1	0	1	1.0
kindness	0	1	-1	1.0
day	15	4	11	0.789473684211
thrill	0	2	-2	1.0
hisself	1	0	1	1.0
overacts	0	1	-1	1.0
blazing	1	0	1	1.0
morris	3	0	3	1.0
lingerie	0	1	-1	1.0
toke	0	1	-1	1.0
slacker	1	0	1	1.0
warner	1	0	1	1.0
incestand	0	1	-1	1.0
joness	0	1	-1	1.0
sexual	2	4	-2	0.666666666667
matt	2	0	2	1.0
announces	1	0	1	1.0
rev	1	0	1	1.0
wholly	0	1	-1	1.0
mate	1	0	1	1.0
mata	1	0	1	1.0
fondly	1	0	1	1.0
red	9	3	6	0.75
jessica	1	0	1	1.0
frank	2	0	2	1.0
coen	1	0	1	1.0
approaches	1	1	0	0.5
chiefs	1	0	1	1.0
hinting	0	1	-1	1.0
allied	1	0	1	1.0
mortal	1	0	1	1.0
invisible	0	4	-4	1.0
south	2	3	-1	0.6
strippers	0	1	-1	1.0
finest	3	0	3	1.0
reaches	1	1	0	0.5
lagging	0	1	-1	1.0
reached	2	0	2	1.0
franky	0	1	-1	1.0
reliable	0	1	-1	1.0
owning	1	0	1	1.0
hed	0	1	-1	1.0
ancient	2	0	2	1.0
sadly	1	2	-1	0.666666666667
vulgar	0	1	-1	1.0
vagina	1	0	1	1.0
cellmates	0	1	-1	1.0
dudikoff	1	0	1	1.0
chases	0	2	-2	1.0
cabin	1	0	1	1.0
tableand	1	0	1	1.0
hotshots	0	1	-1	1.0
explanation	2	1	1	0.666666666667
nobody	1	0	1	1.0
lamont	0	1	-1	1.0
environmental	1	0	1	1.0
alevels	1	0	1	1.0
udo	0	1	-1	1.0
resist	0	1	-1	1.0
duchovnys	1	0	1	1.0
morph	0	1	-1	1.0
loves	1	2	-1	0.666666666667
lover	1	0	1	1.0
visited	1	0	1	1.0
yaniss	1	0	1	1.0
athleticism	0	1	-1	1.0
anthropologist	0	2	-2	1.0
imaginative	0	1	-1	1.0
rd1d8	1	0	1	1.0
comfortable	1	0	1	1.0
tide	1	1	0	0.5
pitiable	0	1	-1	1.0
have	109	69	40	0.612359550562
throat	1	0	1	1.0
apparently	2	0	2	1.0
min	0	1	-1	1.0
parks	1	0	1	1.0
concerns	0	1	-1	1.0
provoked	1	0	1	1.0
unless	0	2	-2	1.0
tampopo	1	0	1	1.0
sfx	1	0	1	1.0
enthusiastic	0	2	-2	1.0
nicholson	1	0	1	1.0
disease	2	1	1	0.666666666667
svenon	0	1	-1	1.0
occasion	0	1	-1	1.0
normally	3	1	2	0.75
visualizes	1	0	1	1.0
charles	3	4	-1	0.571428571429
hamlet	1	0	1	1.0
tearful	1	0	1	1.0
gasping	0	1	-1	1.0
quasidetective	0	1	-1	1.0
controls	0	1	-1	1.0
betsy	0	2	-2	1.0
ambiguity	1	0	1	1.0
beat	1	1	0	0.5
beau	1	0	1	1.0
photography	2	0	2	1.0
coworker	1	1	0	0.5
regimen	0	1	-1	1.0
bear	3	0	3	1.0
timing	1	0	1	1.0
ltas	2	0	2	1.0
areas	1	0	1	1.0
sexyaschopped	0	1	-1	1.0
calling	1	0	1	1.0
dispels	1	0	1	1.0
grittier	1	0	1	1.0
fixed	1	0	1	1.0
outdoes	1	0	1	1.0
turkeys	1	0	1	1.0
national	1	0	1	1.0
walking	5	1	4	0.833333333333
attempting	1	0	1	1.0
vignettes	1	0	1	1.0
ralph	0	3	-3	1.0
brunt	1	0	1	1.0
purser	2	0	2	1.0
difficulties	1	0	1	1.0
bruno	1	0	1	1.0
progress	1	0	1	1.0
janet	0	3	-3	1.0
deliver	3	0	3	1.0
scotfree	1	0	1	1.0
empathy	1	0	1	1.0
buster	1	0	1	1.0
joke	1	1	0	0.5
taking	3	4	-1	0.571428571429
equal	0	1	-1	1.0
boulders	1	0	1	1.0
agree	1	0	1	1.0
futher	0	1	-1	1.0
pointmy	0	1	-1	1.0
comment	9	3	6	0.75
relevant	0	1	-1	1.0
ambushed	1	0	1	1.0
commend	0	1	-1	1.0
laugh	4	3	1	0.571428571429
41745	0	1	-1	1.0
permanent	1	0	1	1.0
warwick	0	2	-2	1.0
received	0	1	-1	1.0
finished	1	1	0	0.5
tense	2	0	2	1.0
bulb	1	0	1	1.0
fellow	1	0	1	1.0
homer	1	0	1	1.0
lebanese	0	1	-1	1.0
appearance	1	1	0	0.5
value	0	2	-2	1.0
promoted	0	2	-2	1.0
frustrating	2	0	2	1.0
trailer	0	1	-1	1.0
almost	13	2	11	0.866666666667
uboat	0	2	-2	1.0
jelly	1	0	1	1.0
respected	0	1	-1	1.0
claimed	1	1	0	0.5
partner	0	1	-1	1.0
arabic	0	1	-1	1.0
portray	1	0	1	1.0
mcdermott	0	1	-1	1.0
kidnapping	1	2	-1	0.666666666667
selfish	0	1	-1	1.0
bullying	1	0	1	1.0
tighter	0	1	-1	1.0
center	1	0	1	1.0
englund	0	1	-1	1.0
sufferings	1	0	1	1.0
oops	0	1	-1	1.0
sets	1	3	-2	0.75
position	1	1	0	0.5
creators	0	1	-1	1.0
usual	1	2	-1	0.666666666667
profiteering	1	0	1	1.0
executive	1	0	1	1.0
nicknamed	0	1	-1	1.0
underlying	0	1	-1	1.0
voltage	0	1	-1	1.0
tough	0	1	-1	1.0
griffith	3	4	-1	0.571428571429
winchester	2	0	2	1.0
terrorized	1	0	1	1.0
passively	0	1	-1	1.0
lake	0	1	-1	1.0
recommending	0	1	-1	1.0
add	2	2	0	0.5
niro	1	1	0	0.5
match	1	0	1	1.0
articles	0	1	-1	1.0
wink	0	1	-1	1.0
doyle	1	0	1	1.0
like	69	47	22	0.594827586207
success	3	0	3	1.0
journalist	0	1	-1	1.0
works	4	2	2	0.666666666667
italian	1	0	1	1.0
infiltrates	1	0	1	1.0
whines	1	0	1	1.0
ideals	0	1	-1	1.0
wider	1	0	1	1.0
babbage	3	0	3	1.0
recommendation	1	0	1	1.0
novelist	1	0	1	1.0
happens	2	4	-2	0.666666666667
obsessed	3	0	3	1.0
billy	2	0	2	1.0
hurricane	1	0	1	1.0
thinly	1	0	1	1.0
slight	0	1	-1	1.0
acosta	1	0	1	1.0
lugosi	0	1	-1	1.0
although	10	3	7	0.769230769231
worthy	1	0	1	1.0
noisy	0	1	-1	1.0
retribution	0	1	-1	1.0
about	71	42	29	0.628318584071
actual	3	2	1	0.6
withdrew	1	0	1	1.0
romancing	1	0	1	1.0
evoke	0	1	-1	1.0
addendum	1	0	1	1.0
miscast	1	1	0	0.5
childrens	1	0	1	1.0
guard	1	1	0	0.5
doesnt	12	10	2	0.545454545455
female	3	3	0	0.5
1987	1	0	1	1.0
knuckles	1	0	1	1.0
rushed	0	1	-1	1.0
banzai	0	1	-1	1.0
joaquin	1	0	1	1.0
applegate	0	1	-1	1.0
biggest	0	1	-1	1.0
buy	3	2	1	0.6
heterai	1	0	1	1.0
bus	1	0	1	1.0
brand	0	1	-1	1.0
sequel	4	7	-3	0.636363636364
but	85	71	14	0.544871794872
reminds	2	0	2	1.0
softwareapproved	1	0	1	1.0
bum	0	2	-2	1.0
editing	2	0	2	1.0
dangerous	3	1	2	0.75
minutes	4	15	-11	0.789473684211
deaths	0	1	-1	1.0
entelechy	1	0	1	1.0
topless	1	1	0	0.5
pig	5	0	5	1.0
scumbags	1	0	1	1.0
swordfight	1	0	1	1.0
speelman	1	0	1	1.0
commentators	0	1	-1	1.0
shooting	3	0	3	1.0
ontarget	1	0	1	1.0
campus	1	1	0	0.5
49	0	1	-1	1.0
corporation	3	0	3	1.0
45	1	1	0	0.5
detail	1	1	0	0.5
40	0	1	-1	1.0
surreal	1	0	1	1.0
farnel	0	1	-1	1.0
adam	0	3	-3	1.0
puzzlement	1	0	1	1.0
traumatic	0	1	-1	1.0
gloriously	0	1	-1	1.0
christians	0	1	-1	1.0
starting	0	1	-1	1.0
baker	0	3	-3	1.0
suspenseful	3	0	3	1.0
appetite	0	1	-1	1.0
paris	1	1	0	0.5
contravention	0	1	-1	1.0
whatsoever	2	1	1	0.666666666667
under	11	2	9	0.846153846154
merchant	0	1	-1	1.0
risk	3	2	1	0.6
rise	1	0	1	1.0
avoidbr	0	1	-1	1.0
every	10	6	4	0.625
jack	2	1	1	0.666666666667
vastly	1	0	1	1.0
monkeys	0	3	-3	1.0
school	3	0	3	1.0
canners	1	0	1	1.0
wellportray	1	0	1	1.0
flashy	0	1	-1	1.0
consistent	0	1	-1	1.0
direct	2	0	2	1.0
surrounding	2	1	1	0.666666666667
fabulous	1	0	1	1.0
hide	2	1	1	0.666666666667
christ	2	0	2	1.0
beaten	1	0	1	1.0
revolves	2	0	2	1.0
fatness	2	0	2	1.0
insinuate	0	1	-1	1.0
endorse	0	1	-1	1.0
stooges	0	3	-3	1.0
kicked	2	2	0	0.5
hundreds	0	2	-2	1.0
studio	5	0	5	1.0
represented	1	1	0	0.5
path	2	0	2	1.0
stares	1	0	1	1.0
70s	3	1	2	0.75
voice	3	5	-2	0.625
anycase	0	1	-1	1.0
leaves	6	3	3	0.666666666667
changed	1	3	-2	0.75
mentor	1	0	1	1.0
abolition	1	0	1	1.0
changes	4	2	2	0.666666666667
punishment	0	1	-1	1.0
swearing	0	1	-1	1.0
julie	0	1	-1	1.0
julia	0	1	-1	1.0
madge	1	0	1	1.0
would	36	28	8	0.5625
hospital	1	1	0	0.5
flockers	1	0	1	1.0
excommunicated	1	0	1	1.0
breathe	0	1	-1	1.0
naive	1	0	1	1.0
phony	0	1	-1	1.0
alberta	0	1	-1	1.0
pinching	1	0	1	1.0
companys	0	1	-1	1.0
must	16	10	6	0.615384615385
me	45	22	23	0.671641791045
md	3	0	3	1.0
join	1	2	-1	0.666666666667
mc	0	1	-1	1.0
mo	1	0	1	1.0
entertained	1	0	1	1.0
mr	9	0	9	1.0
entertainer	0	1	-1	1.0
my	49	12	37	0.803278688525
estate	1	0	1	1.0
florida	2	0	2	1.0
keep	6	7	-1	0.538461538462
end	18	9	9	0.666666666667
lassies	0	1	-1	1.0
writers	0	1	-1	1.0
accusations	1	0	1	1.0
gata	0	1	-1	1.0
dialect	1	1	0	0.5
mouths	1	1	0	0.5
mess	0	4	-4	1.0
fallwinter	1	0	1	1.0
protagonists	2	0	2	1.0
lump	1	0	1	1.0
mesh	1	0	1	1.0
peque	1	0	1	1.0
danny	1	0	1	1.0
daredevil	1	0	1	1.0
funniest	2	1	1	0.666666666667
jungle	2	0	2	1.0
enter	2	1	1	0.666666666667
interpretation	1	0	1	1.0
over	15	12	3	0.555555555556
london	0	3	-3	1.0
talkative	0	1	-1	1.0
edith	1	0	1	1.0
expectations	2	0	2	1.0
destroyed	1	0	1	1.0
fade	1	0	1	1.0
rental	2	1	1	0.666666666667
shadows	0	3	-3	1.0
gloom	0	1	-1	1.0
alex	0	2	-2	1.0
dictatorship	0	1	-1	1.0
detroit	0	2	-2	1.0
victory	0	1	-1	1.0
each	8	3	5	0.727272727273
blinded	1	0	1	1.0
saturday	2	1	1	0.666666666667
goo	0	1	-1	1.0
prewar	0	1	-1	1.0
driving	1	2	-1	0.666666666667
god	4	0	4	1.0
got	16	4	12	0.8
arizona	1	0	1	1.0
free	1	1	0	0.5
whereupon	1	0	1	1.0
wanted	5	8	-3	0.615384615385
days	6	4	2	0.6
heck	1	1	0	0.5
hopeless	1	0	1	1.0
onto	0	3	-3	1.0
already	6	2	4	0.75
characters	17	15	2	0.53125
christofascists	1	0	1	1.0
primary	0	2	-2	1.0
rank	0	1	-1	1.0
hearing	3	0	3	1.0
lovable	0	1	-1	1.0
fantasy	3	1	2	0.75
top	6	3	3	0.666666666667
antiques	0	1	-1	1.0
fiction	3	2	1	0.6
too	12	14	-2	0.538461538462
tom	3	2	1	0.6
rockin	0	2	-2	1.0
hundred	0	1	-1	1.0
nudityfree	0	1	-1	1.0
carrey	1	0	1	1.0
tod	1	0	1	1.0
consented	1	0	1	1.0
urban	1	0	1	1.0
murder	4	3	1	0.571428571429
tool	0	1	-1	1.0
brushes	2	1	1	0.666666666667
took	5	2	3	0.714285714286
western	3	4	-1	0.571428571429
mercifully	0	1	-1	1.0
kidnaps	1	0	1	1.0
roles	1	3	-2	0.75
gabor	0	1	-1	1.0
immigrants	3	0	3	1.0
screenplay	0	2	-2	1.0
donkey	1	0	1	1.0
humble	1	0	1	1.0
ran	1	0	1	1.0
raw	2	0	2	1.0
ethnical	0	1	-1	1.0
leafs	0	1	-1	1.0
screws	1	0	1	1.0
relatively	1	0	1	1.0
1968	0	1	-1	1.0
1967	1	0	1	1.0
doomed	1	0	1	1.0
though	14	9	5	0.608695652174
visionary	1	0	1	1.0
plenty	1	3	-2	0.75
commanding	2	0	2	1.0
rogers	0	1	-1	1.0
xfiles	1	2	-1	0.666666666667
flow	2	0	2	1.0
yang	1	0	1	1.0
b&w	1	0	1	1.0
nearcatastrophe	0	1	-1	1.0
queen	5	2	3	0.714285714286
c3po	1	0	1	1.0
colors	1	1	0	0.5
reissue	0	1	-1	1.0
radio	1	0	1	1.0
earth	4	2	2	0.666666666667
spite	1	0	1	1.0
disgust	0	2	-2	1.0
continuity	1	1	0	0.5
waltz	1	0	1	1.0
asians	0	1	-1	1.0
geer	1	0	1	1.0
watch	20	18	2	0.526315789474
fluid	0	2	-2	1.0
tuberculosis	1	0	1	1.0
wedding	0	2	-2	1.0
marriageminded	0	2	-2	1.0
countries	2	2	0	0.5
chesapeake	2	0	2	1.0
twice	3	1	2	0.75
shots	2	0	2	1.0
pacifist	0	2	-2	1.0
swept	1	0	1	1.0
habit	0	1	-1	1.0
1960s	1	0	1	1.0
nun	0	1	-1	1.0
demented	0	1	-1	1.0
disturbing	6	2	4	0.75
gladiator	0	2	-2	1.0
feline	0	1	-1	1.0
continually	0	1	-1	1.0
smutty	1	0	1	1.0
discovers	3	1	2	0.75
hopefully	2	1	1	0.666666666667
mum	1	0	1	1.0
360	0	1	-1	1.0
discovery	2	0	2	1.0
teensploitation	1	0	1	1.0
however	14	4	10	0.777777777778
southeast	1	0	1	1.0
dedication	1	0	1	1.0
news	4	0	4	1.0
predates	1	0	1	1.0
protect	0	1	-1	1.0
blimp	2	0	2	1.0
facet	1	0	1	1.0
players	1	0	1	1.0
games	1	0	1	1.0
expense	0	1	-1	1.0
comical	1	0	1	1.0
been	29	19	10	0.604166666667
quickly	0	3	-3	1.0
submarine	1	0	1	1.0
beer	0	1	-1	1.0
expected	2	0	2	1.0
drugs	1	3	-2	0.75
900	1	0	1	1.0
krause	0	1	-1	1.0
catch	3	0	3	1.0
maximally	0	1	-1	1.0
dewaere	1	0	1	1.0
apprehension	1	0	1	1.0
cracker	0	1	-1	1.0
n	0	1	-1	1.0
caretakers	1	0	1	1.0
natives	1	0	1	1.0
pyramid	1	0	1	1.0
experts	1	1	0	0.5
experience	9	1	8	0.9
exterior	1	0	1	1.0
svenson	1	1	0	0.5
suggest	0	4	-4	1.0
chazz	0	1	-1	1.0
beside	1	0	1	1.0
complex	3	0	3	1.0
several	7	2	5	0.777777777778
leftist	0	1	-1	1.0
screw	0	1	-1	1.0
schumacher	1	0	1	1.0
actionadventure	0	1	-1	1.0
visayan	1	0	1	1.0
cycle	1	0	1	1.0
mentioning	1	0	1	1.0
dylan	0	1	-1	1.0
shortly	0	1	-1	1.0
charlie	1	0	1	1.0
ocean	1	1	0	0.5
werewolves	1	0	1	1.0
mother	5	10	-5	0.666666666667
alarms	0	1	-1	1.0
hearts	1	0	1	1.0
jean	1	0	1	1.0
shadowed	1	0	1	1.0
gradef	0	1	-1	1.0
wellresearched	0	1	-1	1.0
teenager	1	1	0	0.5
humanity	0	1	-1	1.0
gave	6	2	4	0.75
actresses	0	1	-1	1.0
casting	0	2	-2	1.0
breaks	2	0	2	1.0
cultural	1	1	0	0.5
judge	2	3	-1	0.6
burnt	2	0	2	1.0
apart	1	0	1	1.0
appearing	3	2	1	0.6
brutality	1	0	1	1.0
hunt	4	0	4	1.0
50	1	0	1	1.0
beatenup	1	0	1	1.0
specific	1	0	1	1.0
officer	1	1	0	0.5
serbian	1	0	1	1.0
hung	0	1	-1	1.0
proudly	0	1	-1	1.0
jennifer	0	1	-1	1.0
sponge	0	1	-1	1.0
clubs	1	0	1	1.0
everbody	1	0	1	1.0
displeasure	0	1	-1	1.0
escape	2	0	2	1.0
dirtying	0	1	-1	1.0
herrisks	0	1	-1	1.0
ice	1	0	1	1.0
everything	7	3	4	0.7
sachetti	1	0	1	1.0
christmas	1	2	-1	0.666666666667
corn	1	1	0	0.5
featurelength	2	0	2	1.0
idolized	1	0	1	1.0
inflections	0	1	-1	1.0
asimov	1	0	1	1.0
attacks	1	1	0	0.5
saphead	1	0	1	1.0
dinner	1	0	1	1.0
plus	3	2	1	0.6
civil	0	2	-2	1.0
puzzle	1	0	1	1.0
bath	0	1	-1	1.0
accomplishments	0	1	-1	1.0
bats	0	2	-2	1.0
nunez	1	0	1	1.0
interlopers	1	0	1	1.0
montano	1	0	1	1.0
stuck	0	3	-3	1.0
anderson	0	1	-1	1.0
fought	1	0	1	1.0
crews	1	0	1	1.0
questionable	1	0	1	1.0
intolerance	4	0	4	1.0
head	7	4	3	0.636363636364
heat	5	0	5	1.0
hear	5	3	2	0.625
admiration	2	0	2	1.0
versions	6	0	6	1.0
muster	0	1	-1	1.0
heartwarming	2	0	2	1.0
kitschy	1	0	1	1.0
trio	1	1	0	0.5
shines	1	0	1	1.0
trip	6	5	1	0.545454545455
identified	0	1	-1	1.0
willingly	1	0	1	1.0
nj	1	0	1	1.0
faithful	1	1	0	0.5
no	38	38	0	0.5
commercials	0	2	-2	1.0
when	45	32	13	0.584415584416
piffle	1	0	1	1.0
tim	1	0	1	1.0
setting	2	0	2	1.0
unbalanced	0	1	-1	1.0
eternity	1	1	0	0.5
picture	15	1	14	0.9375
perversity	0	1	-1	1.0
sexmaniac	1	0	1	1.0
flushed	0	1	-1	1.0
faster	0	1	-1	1.0
bullet	0	1	-1	1.0
vietnam	3	0	3	1.0
ron	0	3	-3	1.0
affair	0	2	-2	1.0
rob	2	1	1	0.666666666667
mcdonaldland	0	1	-1	1.0
rod	0	1	-1	1.0
focus	0	2	-2	1.0
livelihood	1	0	1	1.0
leads	3	5	-2	0.625
roy	2	1	1	0.666666666667
marion	0	2	-2	1.0
displaying	1	0	1	1.0
1943	1	0	1	1.0
1946	1	0	1	1.0
contemplating	1	0	1	1.0
1945	0	1	-1	1.0
environment	1	0	1	1.0
charge	0	2	-2	1.0
promoting	0	1	-1	1.0
discovering	1	0	1	1.0
advantage	1	0	1	1.0
knoks	0	1	-1	1.0
mariscal	0	1	-1	1.0
heston	5	0	5	1.0
level	2	2	0	0.5
philippines	1	0	1	1.0
brother	6	4	2	0.6
culminating	1	0	1	1.0
quick	0	1	-1	1.0
movie	110	107	3	0.506912442396
says	4	1	3	0.8
roadshow	0	1	-1	1.0
invaded	1	0	1	1.0
takeoff	1	0	1	1.0
fear	2	0	2	1.0
irritated	1	0	1	1.0
stressful	1	0	1	1.0
stately	0	1	-1	1.0
sappho	1	0	1	1.0
contracted	1	0	1	1.0
agrees	1	0	1	1.0
goes	5	10	-5	0.666666666667
reply	1	0	1	1.0
scripted	1	0	1	1.0
nihilists	1	0	1	1.0
water	2	3	-1	0.6
fluke	1	0	1	1.0
witch	1	1	0	0.5
avenging	0	1	-1	1.0
sheriff	6	2	4	0.75
thirty	0	3	-3	1.0
weird	2	0	2	1.0
halperin	0	1	-1	1.0
humour	3	1	2	0.75
shelley	1	0	1	1.0
handled	0	1	-1	1.0
backandforth	0	1	-1	1.0
sports	0	1	-1	1.0
memory	2	0	2	1.0
australian	2	0	2	1.0
today	6	2	4	0.75
altar	0	1	-1	1.0
dismal	1	0	1	1.0
cases	0	1	-1	1.0
beery	1	0	1	1.0
halfcomedy	1	0	1	1.0
local	3	0	3	1.0
judy	1	0	1	1.0
laughter	3	0	3	1.0
slightest	0	1	-1	1.0
numbers	3	1	2	0.75
streak	1	0	1	1.0
manchus	0	1	-1	1.0
performer	1	0	1	1.0
figure	0	2	-2	1.0
counting	1	0	1	1.0
dress	1	0	1	1.0
watching	14	11	3	0.56
1	3	8	-5	0.727272727273
sundance	2	0	2	1.0
fourth	1	0	1	1.0
genocide	0	2	-2	1.0
speaks	2	1	1	0.666666666667
begs	0	1	-1	1.0
unbelievable	3	3	0	0.5
information	2	0	2	1.0
insecurities	1	0	1	1.0
crashed	0	1	-1	1.0
birthday	0	1	-1	1.0
succeeded	2	0	2	1.0
inform	1	0	1	1.0
gerard	1	0	1	1.0
imagining	1	0	1	1.0
mainly	0	2	-2	1.0
motions	0	1	-1	1.0
westerners	1	0	1	1.0
blocked	0	1	-1	1.0
apes	0	1	-1	1.0
likeability	0	1	-1	1.0
platform	1	0	1	1.0
offers	2	0	2	1.0
munchie	0	4	-4	1.0
happened	2	5	-3	0.714285714286
devastated	0	1	-1	1.0
onesided	2	0	2	1.0
momo	1	0	1	1.0
occult	1	1	0	0.5
term	2	0	2	1.0
name	5	2	3	0.714285714286
advent	1	0	1	1.0
realistic	9	2	7	0.818181818182
nodding	1	0	1	1.0
realise	1	1	0	0.5
realism	1	0	1	1.0
populated	0	1	-1	1.0
farewell	1	0	1	1.0
authenticity	1	0	1	1.0
obsession	1	0	1	1.0
klimovsky	0	1	-1	1.0
intended	1	0	1	1.0
ultimately	2	1	1	0.666666666667
factors	1	0	1	1.0
tensions	0	1	-1	1.0
uncannily	0	1	-1	1.0
treading	1	0	1	1.0
attracted	2	0	2	1.0
eagle	3	0	3	1.0
attended	2	0	2	1.0
bolts	0	1	-1	1.0
satanic	0	1	-1	1.0
previews	1	0	1	1.0
impose	0	1	-1	1.0
motion	2	1	1	0.666666666667
hypnosis	2	0	2	1.0
yum	0	1	-1	1.0
fetched	1	0	1	1.0
surviving	0	1	-1	1.0
waves	1	0	1	1.0
huttner	1	0	1	1.0
katina	1	0	1	1.0
george	1	1	0	0.5
rented	1	2	-1	0.666666666667
peddler	0	1	-1	1.0
given	4	8	-4	0.666666666667
seibert	0	1	-1	1.0
germanamerican	1	0	1	1.0
terrifying	3	0	3	1.0
convention	0	1	-1	1.0
white	8	5	3	0.615384615385
gives	5	4	1	0.555555555556
exploring	0	1	-1	1.0
cope	1	0	1	1.0
revue	0	1	-1	1.0
season	0	1	-1	1.0
cops	1	3	-2	0.75
alas	3	2	1	0.6
eyeopening	1	0	1	1.0
pathogens	2	0	2	1.0
shirley	0	1	-1	1.0
copy	7	0	7	1.0
population	1	0	1	1.0
wide	1	0	1	1.0
unfortunately	0	5	-5	1.0
diplomatic	1	0	1	1.0
r	0	1	-1	1.0
poisoning	1	0	1	1.0
and	483	331	152	0.593366093366
suspense	2	2	0	0.5
rent	4	4	0	0.5
sells	0	1	-1	1.0
any	23	27	-4	0.54
marathon	0	2	-2	1.0
mourners	0	1	-1	1.0
ideas	2	0	2	1.0
ideal	0	2	-2	1.0
therefor	0	1	-1	1.0
gleason	0	1	-1	1.0
commonplace	0	1	-1	1.0
multiple	1	1	0	0.5
clearer	1	0	1	1.0
falls	1	3	-2	0.75
visitors	1	0	1	1.0
considered	2	0	2	1.0
proud	2	1	1	0.666666666667
hungry	1	0	1	1.0
prestar	1	0	1	1.0
uncle	2	0	2	1.0
senior	1	0	1	1.0
detective	1	3	-2	0.75
cheat	1	0	1	1.0
hack	0	1	-1	1.0
landis	0	1	-1	1.0
nadir	0	1	-1	1.0
true	8	1	7	0.888888888889
state	7	0	7	1.0
crime	2	1	1	0.666666666667
explicitly	1	0	1	1.0
believing	0	1	-1	1.0
partake	0	1	-1	1.0
transfusions	2	0	2	1.0
boyle	1	0	1	1.0
begging	1	0	1	1.0
lighter	1	0	1	1.0
neither	2	2	0	0.5
freaking	1	0	1	1.0
closure	1	1	0	0.5
reveal	0	1	-1	1.0
dramas	1	0	1	1.0
naked	2	5	-3	0.714285714286
jokes	1	3	-2	0.75
reveals	0	1	-1	1.0
imposing	0	1	-1	1.0
connections	1	0	1	1.0
1921	2	0	2	1.0
college	2	4	-2	0.666666666667
fails	0	3	-3	1.0
detect	1	0	1	1.0
crooked	1	0	1	1.0
review	1	1	0	0.5
its	71	34	37	0.67619047619
weapons	1	0	1	1.0
outside	2	2	0	0.5
surfaced	1	0	1	1.0
duchovny	1	1	0	0.5
wouldve	1	3	-2	0.75
arrival	1	0	1	1.0
outguns	0	1	-1	1.0
27	1	0	1	1.0
bigtime	1	0	1	1.0
come	8	5	3	0.615384615385
reaction	1	1	0	0.5
wanders	1	1	0	0.5
popeil	0	1	-1	1.0
successes	1	0	1	1.0
region	1	0	1	1.0
priests	2	2	0	0.5
quiet	1	1	0	0.5
senator	1	0	1	1.0
duty	1	0	1	1.0
cabal	1	0	1	1.0
afterwards	2	0	2	1.0
pov	1	1	0	0.5
period	2	2	0	0.5
insist	1	0	1	1.0
resentment	1	0	1	1.0
satisfaction	1	0	1	1.0
pole	0	2	-2	1.0
64	1	0	1	1.0
bizarre	1	1	0	0.5
runaway	0	1	-1	1.0
turkey	3	0	3	1.0
howard	1	3	-2	0.75
filmmakers	3	1	2	0.75
coupe	1	0	1	1.0
jon	0	1	-1	1.0
peaceful	1	0	1	1.0
featuring	0	3	-3	1.0
peaking	0	1	-1	1.0
robbed	0	1	-1	1.0
andres	1	0	1	1.0
andrew	1	0	1	1.0
tiger	0	2	-2	1.0
mocking	1	0	1	1.0
standup	1	0	1	1.0
ferrell	1	1	0	0.5
spirit	1	2	-1	0.666666666667
protocols	0	1	-1	1.0
pilot	0	1	-1	1.0
case	1	6	-5	0.857142857143
illadvised	1	0	1	1.0
myself	5	2	3	0.714285714286
nothingness	2	0	2	1.0
rhymes	1	0	1	1.0
cast	6	9	-3	0.6
abducted	0	1	-1	1.0
cuckolded	1	0	1	1.0
granted	1	0	1	1.0
reminded	1	0	1	1.0
check	0	1	-1	1.0
shifts	1	0	1	1.0
buys	1	1	0	0.5
events	6	0	6	1.0
week	2	0	2	1.0
palmas	1	0	1	1.0
producers	1	5	-4	0.833333333333
boothe	2	0	2	1.0
changing	2	0	2	1.0
cartoon	2	2	0	0.5
atkins	0	1	-1	1.0
longing	1	0	1	1.0
eerie	0	1	-1	1.0
magical	1	0	1	1.0
without	6	8	-2	0.571428571429
desolate	1	0	1	1.0
plotline	1	0	1	1.0
tip	0	1	-1	1.0
actress	1	0	1	1.0
lavish	2	0	2	1.0
violent	1	2	-1	0.666666666667
kill	1	8	-7	0.888888888889
rewatch	0	1	-1	1.0
kneeling	1	0	1	1.0
captured	1	0	1	1.0
blow	1	0	1	1.0
feminist	1	0	1	1.0
seems	11	12	-1	0.521739130435
except	3	0	3	1.0
lets	3	1	2	0.75
association	0	1	-1	1.0
15minute	1	0	1	1.0
kingdom	2	0	2	1.0
kills	1	3	-2	0.75
kirby	0	1	-1	1.0
dragstrip	0	1	-1	1.0
test	2	0	2	1.0
predetermined	0	1	-1	1.0
accepted	3	0	3	1.0
acute	1	0	1	1.0
kennedy	1	0	1	1.0
patrick	1	1	0	0.5
buddies	0	1	-1	1.0
reduced	1	0	1	1.0
psychosadistic	0	1	-1	1.0
keitel	0	1	-1	1.0
pacific	1	0	1	1.0
cowboys	2	0	2	1.0
provided	2	0	2	1.0
prolific	1	0	1	1.0
unbelief	1	0	1	1.0
stops	1	1	0	0.5
moon	0	2	-2	1.0
nutty	1	0	1	1.0
oneliners	1	1	0	0.5
nails	0	2	-2	1.0
communicate	2	0	2	1.0
royals	1	0	1	1.0
terrified	0	1	-1	1.0
resurrection	1	0	1	1.0
stereotypes	1	0	1	1.0
on	125	76	49	0.621890547264
subdued	0	1	-1	1.0
ok	0	4	-4	1.0
oh	2	5	-3	0.714285714286
of	506	307	199	0.622386223862
cude	0	1	-1	1.0
tarkovsky	1	0	1	1.0
oz	1	0	1	1.0
oy	1	0	1	1.0
brainblasting	1	0	1	1.0
or	62	46	16	0.574074074074
ladies	2	0	2	1.0
communication	1	0	1	1.0
cursed	2	0	2	1.0
determine	1	0	1	1.0
feudal	1	0	1	1.0
strictly	0	3	-3	1.0
there	44	25	19	0.63768115942
racism	0	1	-1	1.0
racist	0	1	-1	1.0
energy	1	0	1	1.0
morrison	0	1	-1	1.0
forbade	1	0	1	1.0
tranquility	1	0	1	1.0
ended	0	2	-2	1.0
aldas	0	1	-1	1.0
promote	0	1	-1	1.0
pygmies	0	3	-3	1.0
grasp	1	0	1	1.0
sleazy	0	1	-1	1.0
chaplin	2	0	2	1.0
toilet	0	2	-2	1.0
taylor	2	0	2	1.0
contributors	1	0	1	1.0
cinema	3	2	1	0.6
frighten	0	1	-1	1.0
cbs	1	0	1	1.0
britain	1	0	1	1.0
politics	1	0	1	1.0
incorrect	1	1	0	0.5
abyss	1	0	1	1.0
stumbled	1	0	1	1.0
hasnt	1	1	0	0.5
krug	1	0	1	1.0
5	4	4	0	0.5
pappy	1	0	1	1.0
dismayed	1	0	1	1.0
separate	2	0	2	1.0
includes	1	3	-2	0.75
lovers	1	3	-2	0.75
cb4	1	0	1	1.0
included	2	0	2	1.0
brass	0	1	-1	1.0
assassins	0	1	-1	1.0
applause	1	0	1	1.0
calls	0	1	-1	1.0
wife	8	5	3	0.615384615385
odds	1	1	0	0.5
directors	2	1	1	0.666666666667
missouri	2	0	2	1.0
songs	0	1	-1	1.0
all	61	49	12	0.554545454545
chinese	0	1	-1	1.0
lack	2	0	2	1.0
oncemoribund	1	0	1	1.0
spacecraft	0	1	-1	1.0
follow	2	2	0	0.5
glimpse	2	0	2	1.0
apartment	1	0	1	1.0
catastrophe	1	0	1	1.0
acting	9	7	2	0.5625
opportunities	1	0	1	1.0
program	3	0	3	1.0
siblings	0	2	-2	1.0
presentation	1	0	1	1.0
activities	1	0	1	1.0
woman	6	3	3	0.666666666667
unsatisfying	0	1	-1	1.0
worse	0	3	-3	1.0
song	2	2	0	0.5
far	7	3	4	0.7
fat	1	1	0	0.5
sons	1	0	1	1.0
fan	1	2	-1	0.666666666667
ticket	0	1	-1	1.0
gangly	1	0	1	1.0
sentimental	0	1	-1	1.0
documented	0	1	-1	1.0
lisp	0	1	-1	1.0
list	3	0	3	1.0
undone	1	0	1	1.0
fluent	1	0	1	1.0
lisa	1	1	0	0.5
flick	2	3	-1	0.6
ten	0	2	-2	1.0
louvre	1	0	1	1.0
tea	0	3	-3	1.0
ted	0	1	-1	1.0
rate	1	2	-1	0.666666666667
ticky	0	1	-1	1.0
sue	0	1	-1	1.0
sub	1	0	1	1.0
sun	7	0	7	1.0
sum	0	1	-1	1.0
brief	0	1	-1	1.0
overload	0	1	-1	1.0
version	11	5	6	0.6875
kindof	1	0	1	1.0
guns	0	3	-3	1.0
scowling	1	0	1	1.0
christian	0	4	-4	1.0
certainly	5	1	4	0.833333333333
antiguo	0	1	-1	1.0
hopelessness	1	0	1	1.0
compressed	0	1	-1	1.0
directions	1	0	1	1.0
epitome	1	0	1	1.0
tragedy	2	0	2	1.0
unfoldings	1	0	1	1.0
allows	2	2	0	0.5
anjos	1	0	1	1.0
horrified	0	2	-2	1.0
schtick	0	1	-1	1.0
sticking	0	1	-1	1.0
suddenly	1	2	-1	0.666666666667
screens	0	1	-1	1.0
1907	1	0	1	1.0
rko	0	1	-1	1.0
proceed	0	1	-1	1.0
unthinkable	1	0	1	1.0
flat	0	1	-1	1.0
flaw	1	2	-1	0.666666666667
knows	1	3	-2	0.75
waxed	0	1	-1	1.0
flay	1	0	1	1.0
mira	0	1	-1	1.0
stick	0	1	-1	1.0
glam	1	0	1	1.0
known	5	3	2	0.625
hypnotherapy	0	1	-1	1.0
v	0	3	-3	1.0
needing	0	1	-1	1.0
atrocious	0	1	-1	1.0
pond	1	0	1	1.0
influenced	1	0	1	1.0
goal	1	0	1	1.0
desperation	2	0	2	1.0
rather	10	4	6	0.714285714286
breaking	2	0	2	1.0
sportage	0	1	-1	1.0
speeding	0	1	-1	1.0
explains	1	0	1	1.0
shouldnt	0	2	-2	1.0
okay	0	4	-4	1.0
610	1	0	1	1.0
reflect	0	1	-1	1.0
sven	0	1	-1	1.0
lighting	0	1	-1	1.0
adventure	1	0	1	1.0
cults	1	0	1	1.0
short	5	2	3	0.714285714286
andrenaline	0	1	-1	1.0
susan	0	1	-1	1.0
prefers	0	1	-1	1.0
climaxes	1	0	1	1.0
encased	0	1	-1	1.0
essence	2	0	2	1.0
eludes	1	0	1	1.0
mission	0	1	-1	1.0
disabled	1	0	1	1.0
outraged	1	0	1	1.0
isnt	3	4	-1	0.571428571429
scientist	0	1	-1	1.0
style	7	1	6	0.875
pray	1	1	0	0.5
strange	10	3	7	0.769230769231
stephen	0	2	-2	1.0
might	8	10	-2	0.555555555556
alter	1	0	1	1.0
return	2	4	-2	0.666666666667
eulogy	1	0	1	1.0
hunter	1	2	-1	0.666666666667
videotaped	1	0	1	1.0
unusable	0	1	-1	1.0
milestone	1	0	1	1.0
videotapes	1	0	1	1.0
bigger	0	1	-1	1.0
instructions	1	0	1	1.0
friendship	2	0	2	1.0
generation	1	0	1	1.0
expect	1	2	-1	0.666666666667
doublevision	0	1	-1	1.0
scratching	1	0	1	1.0
organised	1	0	1	1.0
soapoperas	1	0	1	1.0
lola	2	0	2	1.0
realising	0	1	-1	1.0
wondered	1	1	0	0.5
lolo	0	1	-1	1.0
hill	1	0	1	1.0
paradise	2	0	2	1.0
induced	2	0	2	1.0
deadend	1	0	1	1.0
friday	1	1	0	0.5
forgive	0	1	-1	1.0
guest	0	1	-1	1.0
nightly	0	1	-1	1.0
thread	1	1	0	0.5
prejudice	1	0	1	1.0
threat	2	0	2	1.0
consequence	1	0	1	1.0
feed	1	3	-2	0.75
feel	9	3	6	0.75
radical	1	0	1	1.0
traveled	1	0	1	1.0
feet	1	2	-1	0.666666666667
sympathy	1	0	1	1.0
brave	1	1	0	0.5
colombia	0	1	-1	1.0
blank	1	0	1	1.0
bland	0	1	-1	1.0
download	1	0	1	1.0
corporal	0	1	-1	1.0
story	41	25	16	0.621212121212
temperature	0	1	-1	1.0
script	1	3	-2	0.75
leading	2	1	1	0.666666666667
interviews	0	1	-1	1.0
hangs	0	1	-1	1.0
endearing	0	1	-1	1.0
passed	5	2	3	0.714285714286
store	1	2	-1	0.666666666667
gleefully	1	0	1	1.0
hotel	2	0	2	1.0
imprinted	1	0	1	1.0
filmic	0	1	-1	1.0
rifle	2	1	1	0.666666666667
convinced	1	1	0	0.5
uncut	1	0	1	1.0
king	4	5	-1	0.555555555556
kind	11	6	5	0.647058823529
risks	3	1	2	0.75
dana	0	1	-1	1.0
cleaner	1	0	1	1.0
storytelling	2	0	2	1.0
igor	1	0	1	1.0
kline	0	1	-1	1.0
bigelow	0	1	-1	1.0
efx	1	0	1	1.0
nights	0	1	-1	1.0
rochester	1	0	1	1.0
sorvinos	0	1	-1	1.0
tempest	1	0	1	1.0
clovis	0	4	-4	1.0
finding	3	0	3	1.0
populous	1	0	1	1.0
buff	1	0	1	1.0
electric	0	2	-2	1.0
park	1	0	1	1.0
react	0	2	-2	1.0
73	1	0	1	1.0
72	1	0	1	1.0
enduring	1	0	1	1.0
sandra	1	0	1	1.0
nothing	3	6	-3	0.666666666667
screenwriter	1	0	1	1.0
stands	2	0	2	1.0
traditional	1	0	1	1.0
forerunner	1	0	1	1.0
deans	1	0	1	1.0
notch	1	1	0	0.5
stones	1	0	1	1.0
excessive	1	0	1	1.0
plantage	2	0	2	1.0
testicles	1	0	1	1.0
derry	0	1	-1	1.0
stairs	1	0	1	1.0
savannah	0	1	-1	1.0
fulci	1	0	1	1.0
his	103	71	32	0.591954022989
triangle	1	0	1	1.0
multimillionaire	1	0	1	1.0
amick	0	1	-1	1.0
shared	2	2	0	0.5
him	35	18	17	0.660377358491
fallible	1	0	1	1.0
nacion	0	1	-1	1.0
cartoons	2	1	1	0.666666666667
baroque	1	0	1	1.0
wrote	3	1	2	0.75
art	3	0	3	1.0
bart	0	1	-1	1.0
gawd	0	1	-1	1.0
intelligence	1	0	1	1.0
bare	0	1	-1	1.0
are	99	64	35	0.60736196319
arm	1	0	1	1.0
declined	0	1	-1	1.0
learns	3	0	3	1.0
blurs	0	1	-1	1.0
various	1	2	-1	0.666666666667
secretly	0	1	-1	1.0
jasmin	0	1	-1	1.0
corruption	1	0	1	1.0
recently	1	0	1	1.0
sold	1	1	0	0.5
attention	3	0	3	1.0
competent	1	0	1	1.0
matteifulcicut	1	0	1	1.0
license	0	1	-1	1.0
sibrel	0	1	-1	1.0
became	4	1	3	0.8
context	2	0	2	1.0
baseball	1	0	1	1.0
bond	0	2	-2	1.0
finds	5	5	0	0.5
reasons	2	0	2	1.0
sweet	0	2	-2	1.0
weasel	1	0	1	1.0
village	1	1	0	0.5
trce	1	0	1	1.0
duh	0	1	-1	1.0
nominee	1	0	1	1.0
mulgrew	0	1	-1	1.0
dud	0	1	-1	1.0
due	2	0	2	1.0
whos	4	1	3	0.8
whom	5	2	3	0.714285714286
pa	2	0	2	1.0
pg	0	2	-2	1.0
1950s	0	3	-3	1.0
misbehaving	0	1	-1	1.0
instructor	0	1	-1	1.0
georgia	2	0	2	1.0
carachters	1	0	1	1.0
behavior	5	0	5	1.0
mordant	0	1	-1	1.0
theres	8	10	-2	0.555555555556
demon	0	3	-3	1.0
broklynese	2	0	2	1.0
rid	1	0	1	1.0
anguish	1	0	1	1.0
ethnicity	1	0	1	1.0
widely	2	0	2	1.0
peoples	2	1	1	0.666666666667
esteemed	0	1	-1	1.0
daughters	1	0	1	1.0
higher	4	1	3	0.8
flows	1	0	1	1.0
moving	3	2	1	0.6
built	0	1	-1	1.0
anybody	2	0	2	1.0
analysis	1	2	-1	0.666666666667
edge	0	1	-1	1.0
inspirational	2	0	2	1.0
aways	0	1	-1	1.0
know	25	16	9	0.609756097561
questions	5	1	4	0.833333333333
retired	1	0	1	1.0
prince	1	0	1	1.0
kimberlyclark	1	0	1	1.0
workers	1	1	0	0.5
likeable	0	2	-2	1.0
exclusively	0	1	-1	1.0
plateau	1	0	1	1.0
townsfolk	1	1	0	0.5
complains	1	0	1	1.0
bayonne	1	0	1	1.0
entangled	1	0	1	1.0
confront	2	0	2	1.0
ignore	0	1	-1	1.0
arthur	0	2	-2	1.0
essential	2	0	2	1.0
understood	0	1	-1	1.0
wonderland	0	1	-1	1.0
canadians	0	1	-1	1.0
gradually	1	0	1	1.0
innovation	1	0	1	1.0
anne	1	0	1	1.0
jumpy	2	0	2	1.0
jumps	1	2	-1	0.666666666667
refused	0	1	-1	1.0
zombie	0	3	-3	1.0
wooofff	0	1	-1	1.0
refuses	1	0	1	1.0
jetson	1	0	1	1.0
hogwash	0	1	-1	1.0
ordeal	0	1	-1	1.0
brooklyn	1	0	1	1.0
range	1	0	1	1.0
hatred	1	0	1	1.0
fluttering	1	0	1	1.0
youthful	2	0	2	1.0
credible	2	0	2	1.0
shed	4	0	4	1.0
because	27	19	8	0.586956521739
parton	0	1	-1	1.0
eyecandy	1	0	1	1.0
question	4	8	-4	0.666666666667
fast	1	1	0	0.5
signified	1	2	-1	0.666666666667
melodic	1	0	1	1.0
mundane	1	0	1	1.0
criteria	1	0	1	1.0
repeatedly	0	2	-2	1.0
junior	1	0	1	1.0
4ever	1	0	1	1.0
ands	1	0	1	1.0
guyana	1	0	1	1.0
sullies	0	1	-1	1.0
called	5	1	4	0.833333333333
associated	1	1	0	0.5
kathryn	0	1	-1	1.0
warning	1	0	1	1.0
119	1	0	1	1.0
nick	1	0	1	1.0
parlor	0	1	-1	1.0
income	0	1	-1	1.0
nice	3	4	-1	0.571428571429
problems	1	1	0	0.5
breasts	0	1	-1	1.0
develops	0	1	-1	1.0
allowing	2	0	2	1.0
posters	1	0	1	1.0
suffers	1	0	1	1.0
happier	1	0	1	1.0
vice	1	0	1	1.0
lovemaking	1	0	1	1.0
narrative	1	0	1	1.0
international	3	0	3	1.0
insted	0	1	-1	1.0
once	9	6	3	0.6
greenaways	0	1	-1	1.0
lean	1	0	1	1.0
alien	1	4	-3	0.8
epitomized	1	0	1	1.0
gang	0	2	-2	1.0
winds	1	0	1	1.0
issues	1	1	0	0.5
cruiser	0	1	-1	1.0
disposal	0	1	-1	1.0
itll	1	0	1	1.0
include	1	1	0	0.5
fences	1	1	0	0.5
sniper	0	2	-2	1.0
breathing	0	1	-1	1.0
wished	2	0	2	1.0
wishes	1	0	1	1.0
drinking	0	1	-1	1.0
halfmockumentary	1	0	1	1.0
notes	2	0	2	1.0
deals	2	0	2	1.0
reappearing	0	1	-1	1.0
comlex	1	0	1	1.0
noted	1	0	1	1.0
gripping	0	1	-1	1.0
wrestling	2	0	2	1.0
claudio	1	0	1	1.0
traveling	2	0	2	1.0
plead	0	1	-1	1.0
acid	1	1	0	0.5
makers	1	1	0	0.5
folk	1	0	1	1.0
uncharming	0	1	-1	1.0
unavailable	0	1	-1	1.0
palminteri	0	1	-1	1.0
waiting	2	1	1	0.666666666667
chose	1	0	1	1.0
pushing	0	1	-1	1.0
desired	1	0	1	1.0
explore	1	0	1	1.0
slates	1	0	1	1.0
sexy	2	1	1	0.666666666667
larger	2	0	2	1.0
shades	1	0	1	1.0
calvin	2	0	2	1.0
leaving	2	1	1	0.666666666667
suggests	2	1	1	0.666666666667
armpit	0	1	-1	1.0
humperdink	1	0	1	1.0
lighthearted	0	1	-1	1.0
apple	1	0	1	1.0
spy	0	1	-1	1.0
forbid	0	2	-2	1.0
improbable	1	1	0	0.5
cataclysms	1	0	1	1.0
goldeneye	1	0	1	1.0
boasts	0	1	-1	1.0
ape	0	1	-1	1.0
fed	0	1	-1	1.0
from	81	45	36	0.642857142857
hippie	0	1	-1	1.0
usa	0	1	-1	1.0
gere	4	0	4	1.0
few	14	10	4	0.583333333333
depicted	2	1	1	0.666666666667
examination	1	1	0	0.5
timetable	1	0	1	1.0
possession	2	0	2	1.0
verite	0	1	-1	1.0
fullframe	0	1	-1	1.0
heir	1	0	1	1.0
infection	0	1	-1	1.0
faultless	1	0	1	1.0
ural	0	1	-1	1.0
women	7	13	-6	0.65
slaps	1	0	1	1.0
getting	7	3	4	0.7
anywhere	0	1	-1	1.0
proof	1	2	-1	0.666666666667
bittersweet	1	0	1	1.0
tap	1	0	1	1.0
flaring	1	0	1	1.0
villain	0	3	-3	1.0
hilton	0	1	-1	1.0
something	20	7	13	0.740740740741
letsripoff	1	0	1	1.0
serial	4	1	3	0.8
rape	0	3	-3	1.0
united	0	2	-2	1.0
sit	2	2	0	0.5
six	0	1	-1	1.0
slovenian	1	0	1	1.0
stewardship	0	1	-1	1.0
moods	1	0	1	1.0
japs	1	0	1	1.0
brian	1	1	0	0.5
cholera	1	0	1	1.0
instead	6	7	-1	0.538461538462
sin	1	0	1	1.0
tension	0	2	-2	1.0
attend	0	1	-1	1.0
unforgivable	0	1	-1	1.0
normalcy	1	0	1	1.0
abuse	0	1	-1	1.0
getgo	1	0	1	1.0
psychedelic	0	1	-1	1.0
herold	1	0	1	1.0
light	6	2	4	0.75
interrupted	1	0	1	1.0
wwii	1	3	-2	0.75
honestly	0	1	-1	1.0
selfinflicted	1	0	1	1.0
preparing	2	1	1	0.666666666667
whilst	5	2	3	0.714285714286
looks	3	5	-2	0.625
superior	1	0	1	1.0
nostalgic	1	1	0	0.5
tyler	0	1	-1	1.0
contemplative	1	0	1	1.0
choose	1	1	0	0.5
covered	2	0	2	1.0
freely	0	1	-1	1.0
defining	2	0	2	1.0
bumbling	1	0	1	1.0
material	0	2	-2	1.0
republican	2	0	2	1.0
worlds	3	0	3	1.0
profound	1	0	1	1.0
edit	1	0	1	1.0
feast	1	0	1	1.0
unpredictable	0	1	-1	1.0
trap	0	1	-1	1.0
edie	1	0	1	1.0
bills	1	1	0	0.5
erratic	1	0	1	1.0
whimsy	0	1	-1	1.0
related	1	0	1	1.0
bogey	0	1	-1	1.0
our	21	5	16	0.807692307692
afflecks	0	1	-1	1.0
out	49	50	-1	0.505050505051
category	1	0	1	1.0
sentiment	0	1	-1	1.0
chaos	1	0	1	1.0
vcr	1	0	1	1.0
rap	1	0	1	1.0
autopilot	0	1	-1	1.0
brilliantly	2	0	2	1.0
molly	0	1	-1	1.0
anglaise	1	0	1	1.0
york	3	1	2	0.75
conflicts	2	0	2	1.0
philip	0	1	-1	1.0
g	3	1	2	0.75
misanthropes	1	0	1	1.0
phrases	0	1	-1	1.0
conversation	1	0	1	1.0
lta	2	0	2	1.0
hence	1	0	1	1.0
biting	1	0	1	1.0
rubberneck	0	1	-1	1.0
obscurity	2	0	2	1.0
listless	0	1	-1	1.0
demoralised	0	1	-1	1.0
unknown	2	0	2	1.0
accent	2	2	0	0.5
their	37	39	-2	0.513157894737
tidbit	0	1	-1	1.0
academy	1	0	1	1.0
reversed	1	0	1	1.0
shallow	1	6	-5	0.857142857143
madsens	0	1	-1	1.0
linette	0	1	-1	1.0
july	0	1	-1	1.0
infectious	1	0	1	1.0
patients	1	0	1	1.0
woebegone	0	1	-1	1.0
teenagers	1	2	-1	0.666666666667
imdb	2	1	1	0.666666666667
catholic	1	0	1	1.0
afraid	1	1	0	0.5
angle	1	0	1	1.0
russians	0	2	-2	1.0
agency	1	2	-1	0.666666666667
which	35	24	11	0.593220338983
savagely	0	1	-1	1.0
clash	1	0	1	1.0
who	83	51	32	0.619402985075
noggin	0	1	-1	1.0
why	16	20	-4	0.555555555556
appallingly	0	1	-1	1.0
vernacular	1	0	1	1.0
fowler	0	1	-1	1.0
ensued	0	1	-1	1.0
brenda	0	1	-1	1.0
perceptions	1	0	1	1.0
agreed	0	1	-1	1.0
froid	1	0	1	1.0
purely	1	0	1	1.0
planning	1	1	0	0.5
brutalized	0	1	-1	1.0
dorothy	0	1	-1	1.0
chicken	1	0	1	1.0
filthy	1	0	1	1.0
pleased	1	0	1	1.0
filmed	1	1	0	0.5
thousands	1	0	1	1.0
spun	0	2	-2	1.0
sued	0	1	-1	1.0
cuba	1	0	1	1.0
midnight	3	0	3	1.0
massacre	0	1	-1	1.0
ones	2	2	0	0.5
words	6	2	4	0.75
epidemicto	1	0	1	1.0
homosexuals	0	1	-1	1.0
belts	0	2	-2	1.0
married	1	0	1	1.0
marries	1	0	1	1.0
generations	1	0	1	1.0
view	7	6	1	0.538461538462
europe	3	0	3	1.0
outruns	0	1	-1	1.0
module	0	1	-1	1.0
luminous	1	0	1	1.0
closes	0	1	-1	1.0
weller	1	0	1	1.0
vip	1	0	1	1.0
brosnan	0	1	-1	1.0
frustrated	0	2	-2	1.0
bought	0	1	-1	1.0
exam	2	0	2	1.0
opening	4	2	2	0.666666666667
job	6	1	5	0.857142857143
joe	3	2	1	0.6
spoil	0	1	-1	1.0
gunsmoke	1	0	1	1.0
luxues	1	0	1	1.0
commands	0	2	-2	1.0
zabriskie	1	0	1	1.0
april	1	0	1	1.0
rodney	0	1	-1	1.0
walk	1	1	0	0.5
walt	2	0	2	1.0
worldly	1	0	1	1.0
sequences	0	3	-3	1.0
respect	1	0	1	1.0
narrowed	1	0	1	1.0
flawbesides	0	1	-1	1.0
freedmen	0	1	-1	1.0
bogarde	3	0	3	1.0
responds	2	0	2	1.0
reindeer	1	0	1	1.0
sidesteps	0	1	-1	1.0
mike	0	2	-2	1.0
wanna	1	0	1	1.0
meritorious	1	0	1	1.0
alices	0	1	-1	1.0
underutilized	0	1	-1	1.0
maratonci	1	0	1	1.0
present	8	0	8	1.0
abandoned	1	1	0	0.5
unlike	2	1	1	0.666666666667
choices	2	0	2	1.0
will	48	16	32	0.75
stunning	2	1	1	0.666666666667
wild	1	1	0	0.5
~	0	6	-6	1.0
rename	0	1	-1	1.0
motif	1	0	1	1.0
thus	2	1	1	0.666666666667
kyles	1	0	1	1.0
audiences	1	0	1	1.0
perhaps	3	1	2	0.75
vintage	0	1	-1	1.0
radiation	0	2	-2	1.0
member	2	1	1	0.666666666667
units	0	1	-1	1.0
gets	14	3	11	0.823529411765
difficult	1	3	-2	0.75
slave	0	2	-2	1.0
premiere	1	0	1	1.0
cinematographer	1	0	1	1.0
student	1	0	1	1.0
idris	0	1	-1	1.0
warming	2	6	-4	0.75
snatchers	0	1	-1	1.0
fighting	1	2	-1	0.666666666667
english	4	0	4	1.0
rocker	0	1	-1	1.0
cameo	0	2	-2	1.0
rocket	2	0	2	1.0
wealthy	1	0	1	1.0
tcm	1	0	1	1.0
hervan	1	0	1	1.0
tautou	1	0	1	1.0
rapid	1	0	1	1.0
guts	1	0	1	1.0
sky	1	0	1	1.0
chaplins	3	0	3	1.0
toshiro	1	0	1	1.0
other	29	15	14	0.659090909091
attractive	1	1	0	0.5
ski	0	1	-1	1.0
bela	0	2	-2	1.0
enact	0	1	-1	1.0
identical	3	0	3	1.0
community	4	0	4	1.0
hollow	1	1	0	0.5
excessiveness	0	1	-1	1.0
ahem	0	1	-1	1.0
perpetual	0	1	-1	1.0
loses	1	1	0	0.5
tennessee	1	0	1	1.0
starred	0	2	-2	1.0
pantomime	0	1	-1	1.0
wonders	1	1	0	0.5
traitors	1	0	1	1.0
drop	1	1	0	0.5
sequence	1	2	-1	0.666666666667
scared	1	2	-1	0.666666666667
scottish	0	1	-1	1.0
searching	2	0	2	1.0
growth	1	0	1	1.0
110	0	1	-1	1.0
racking	1	0	1	1.0
blankfield	1	0	1	1.0
goodlooking	0	1	-1	1.0
lead	4	3	1	0.571428571429
miner	1	0	1	1.0
leader	2	0	2	1.0
ripped	1	1	0	0.5
murdered	0	1	-1	1.0
conveyed	0	1	-1	1.0
guffaws	1	0	1	1.0
asinine	0	1	-1	1.0
pasta	0	2	-2	1.0
throne	1	0	1	1.0
rare	4	1	3	0.8
carried	0	1	-1	1.0
linger	0	1	-1	1.0
smalltown	1	0	1	1.0
spilled	0	1	-1	1.0
dependence	1	0	1	1.0
carries	1	0	1	1.0
swear	1	1	0	0.5
emperor	0	2	-2	1.0
own	10	5	5	0.666666666667
polished	1	0	1	1.0
kinda	1	2	-1	0.666666666667
gymnastic	0	1	-1	1.0
owe	1	0	1	1.0
possessions	1	0	1	1.0
bikiniclad	0	1	-1	1.0
promise	0	1	-1	1.0
yankee	0	1	-1	1.0
convicted	1	0	1	1.0
van	1	1	0	0.5
val	0	1	-1	1.0
intention	2	1	1	0.666666666667
resists	0	1	-1	1.0
wellfilmed	1	1	0	0.5
rosenstrasse	1	0	1	1.0
ywca	0	2	-2	1.0
directing	2	0	2	1.0
jerrys	1	0	1	1.0
mifune	1	0	1	1.0
witness	1	0	1	1.0
made	21	17	4	0.552631578947
whether	5	2	3	0.714285714286
keays	0	1	-1	1.0
record	4	0	4	1.0
below	1	2	-1	0.666666666667
cake	0	1	-1	1.0
demonstrate	0	1	-1	1.0
müde	1	0	1	1.0
sitcomthin	0	1	-1	1.0
cmon	0	1	-1	1.0
horrific	0	1	-1	1.0
meaningless	0	2	-2	1.0
naming	0	1	-1	1.0
boop	2	0	2	1.0
book	4	2	2	0.666666666667
boom	0	1	-1	1.0
sick	4	2	2	0.666666666667
incredibly	1	1	0	0.5
conclusion	4	2	2	0.666666666667
chavez	1	0	1	1.0
kinds	1	0	1	1.0
shakespeares	1	0	1	1.0
june	0	1	-1	1.0
cruelty	1	1	0	0.5
earthly	1	0	1	1.0
sandler	0	1	-1	1.0
ranks	1	0	1	1.0
jewel	2	0	2	1.0
volumes	1	0	1	1.0
nonmanufactured	1	0	1	1.0
irony	0	1	-1	1.0
